Date,Open,High,Low,Close,Volume,Adj Close
2017-03-03,27.709999,27.75,27.16,27.200001,1065900,27.200001
2017-03-02,27.76,27.76,27.219999,27.66,1687500,27.66
2017-03-01,28.26,28.33,27.85,27.870001,1492000,27.870001
2017-02-28,28.35,28.35,27.879999,28.07,1229100,28.07
2017-02-27,28.469999,28.620001,28.129999,28.33,737000,28.33
2017-02-24,28.639999,28.690001,28.18,28.549999,932500,28.549999
2017-02-23,28.709999,29.049999,28.469999,28.60,771100,28.60
2017-02-22,28.74,28.950001,28.450001,28.639999,1008800,28.639999
2017-02-21,28.049999,29.07,27.98,28.870001,2108100,28.870001
2017-02-17,27.92,28.280001,27.90,28.09,712000,28.09
2017-02-16,27.90,28.190001,27.42,27.99,1120100,27.99
2017-02-15,27.85,28.25,27.68,27.889999,1343900,27.889999
2017-02-14,27.99,28.15,26.73,27.889999,2090400,27.889999
2017-02-13,27.700001,28.25,27.67,28.10,1756400,28.10
2017-02-10,27.209999,27.719999,27.139999,27.65,860100,27.65
2017-02-09,26.870001,27.459999,26.870001,27.219999,1024000,27.219999
2017-02-08,27.139999,27.25,26.620001,26.780001,1326000,26.780001
2017-02-07,27.23,27.370001,26.889999,27.25,914100,27.25
2017-02-06,27.42,27.58,27.219999,27.24,832300,27.24
2017-02-03,27.24,27.52,27.219999,27.440001,590800,27.440001
2017-02-02,27.32,27.40,27.01,27.16,1148600,27.16
2017-02-01,27.709999,27.92,27.110001,27.40,1112000,27.40
2017-01-31,27.299999,28.030001,26.950001,27.709999,1593400,27.709999
2017-01-30,27.41,27.52,27.10,27.40,884900,27.40
2017-01-27,27.40,27.65,27.10,27.41,945400,27.41
2017-01-26,27.110001,27.549999,26.969999,27.280001,1189500,27.280001
2017-01-25,27.85,28.24,26.950001,27.049999,2502100,27.049999
2017-01-24,27.58,27.889999,27.42,27.799999,817200,27.799999
2017-01-23,27.25,27.67,27.25,27.58,1246300,27.58
2017-01-20,27.469999,27.58,27.209999,27.309999,874600,27.309999
2017-01-19,27.360001,27.57,27.110001,27.35,709800,27.35
2017-01-18,27.209999,27.540001,27.10,27.40,984300,27.40
2017-01-17,26.690001,27.190001,26.639999,27.139999,1075400,27.139999
2017-01-13,26.75,26.92,26.540001,26.82,1568700,26.82
2017-01-12,25.780001,26.73,25.780001,26.65,1448200,26.65
2017-01-11,25.700001,26.02,25.559999,25.99,2257100,25.99
2017-01-10,26.18,26.190001,25.610001,25.76,1737400,25.76
2017-01-09,26.82,26.879999,26.24,26.25,1506600,26.25
2017-01-06,26.68,27.17,26.52,26.860001,1228200,26.860001
2017-01-05,27.43,27.49,26.52,26.60,1863400,26.60
2017-01-04,27.360001,27.83,27.33,27.629999,1480000,27.629999
2017-01-03,27.040001,27.610001,27.040001,27.370001,1592900,27.370001
2016-12-30,27.030001,27.09,26.60,26.780001,997500,26.780001
2016-12-29,27.32,27.379999,26.889999,27.01,1065800,27.01
2016-12-28,27.50,27.540001,27.129999,27.27,599100,27.27
2016-12-27,27.290001,27.59,27.18,27.50,603800,27.50
2016-12-23,27.440001,27.559999,27.23,27.299999,701400,27.299999
2016-12-22,27.59,27.620001,26.969999,27.41,1036200,27.41
2016-12-21,27.65,27.799999,27.52,27.68,925900,27.68
2016-12-20,27.52,27.690001,27.360001,27.639999,724100,27.639999
2016-12-19,27.52,27.790001,27.299999,27.389999,844500,27.389999
2016-12-16,27.790001,28.110001,27.43,27.52,3112000,27.52
2016-12-15,27.74,27.959999,27.610001,27.83,1488500,27.83
2016-12-14,27.84,28.07,27.620001,27.74,1807000,27.74
2016-12-13,27.82,28.059999,27.75,27.83,1320200,27.83
2016-12-12,28.200001,28.25,27.219999,27.700001,1954000,27.700001
2016-12-09,28.620001,28.91,27.92,28.24,2512200,28.24
2016-12-08,28.01,28.90,28.00,28.66,1777600,28.66
2016-12-07,27.040001,28.139999,26.959999,28.040001,1523500,28.040001
2016-12-06,26.66,27.030001,26.51,27.030001,882400,27.030001
2016-12-05,26.219999,26.82,26.10,26.67,1574000,26.67
2016-12-02,26.440001,26.700001,25.90,26.02,1839300,26.02
2016-12-01,26.450001,26.889999,26.379999,26.540001,1886100,26.540001
2016-11-30,27.18,27.379999,26.389999,26.440001,3172300,26.440001
2016-11-29,26.639999,27.120001,26.469999,27.120001,2407100,27.120001
2016-11-28,26.77,26.77,26.049999,26.58,2007900,26.58
2016-11-25,26.49,26.790001,26.299999,26.77,487900,26.77
2016-11-23,26.559999,26.639999,26.32,26.50,698500,26.50
2016-11-22,26.84,27.049999,26.450001,26.60,841100,26.60
2016-11-21,26.77,27.139999,26.639999,26.709999,1081800,26.709999
2016-11-18,27.00,27.10,26.68,26.75,1630100,26.75
2016-11-17,26.60,27.23,26.51,27.09,1690400,27.09
2016-11-16,26.66,27.139999,26.610001,26.66,880300,26.66
2016-11-15,27.24,27.34,26.40,26.709999,1738800,26.709999
2016-11-14,25.860001,27.450001,25.780001,27.32,3137700,27.32
2016-11-11,25.18,25.90,24.82,25.780001,1996700,25.780001
2016-11-10,25.24,25.74,25.01,25.34,2272700,25.34
2016-11-09,24.10,25.34,24.00,25.16,2127400,25.16
2016-11-08,24.74,25.139999,24.50,25.059999,1467800,25.059999
2016-11-07,25.17,25.17,24.549999,24.73,1621400,24.73
2016-11-04,24.65,25.42,24.59,24.59,2925300,24.59
2016-11-03,24.450001,25.09,24.450001,24.809999,2349200,24.809999
2016-11-02,24.73,24.780001,24.129999,24.370001,2146800,24.370001
2016-11-01,24.98,25.15,23.91,24.790001,2052800,24.790001
2016-10-31,25.360001,25.690001,25.030001,25.110001,2767200,25.110001
2016-10-28,25.42,25.66,25.10,25.17,830200,25.17
2016-10-27,25.73,25.790001,25.280001,25.40,994800,25.40
2016-10-26,25.389999,25.709999,25.27,25.66,985200,25.66
2016-10-25,25.950001,25.99,25.440001,25.469999,772000,25.469999
2016-10-24,26.129999,26.190001,25.719999,25.91,1065700,25.91
2016-10-21,24.74,26.610001,24.74,25.90,2964000,25.90
2016-10-20,24.82,25.049999,24.639999,24.98,1755500,24.98
2016-10-19,24.559999,24.879999,24.51,24.860001,852100,24.860001
2016-10-18,24.85,24.93,24.48,24.50,696800,24.50
2016-10-17,24.77,24.84,24.540001,24.59,1293000,24.59
2016-10-14,25.110001,25.299999,24.58,24.73,961200,24.73
2016-10-13,25.360001,25.360001,24.790001,25.02,1209500,25.02
2016-10-12,25.790001,25.959999,25.530001,25.549999,1145900,25.549999
2016-10-11,26.32,26.35,25.690001,25.82,1556200,25.82
2016-10-10,26.57,26.83,26.379999,26.41,1189900,26.41
2016-10-07,27.209999,27.209999,26.49,26.49,1232500,26.49
2016-10-06,26.879999,27.26,26.809999,27.129999,997800,27.129999
2016-10-05,26.83,27.110001,26.709999,26.969999,1371400,26.969999
2016-10-04,26.879999,26.98,26.50,26.75,1774500,26.75
2016-10-03,26.209999,26.93,26.17,26.84,2084000,26.84
2016-09-30,26.18,26.440001,26.09,26.309999,3107300,26.309999
2016-09-29,26.049999,26.52,25.629999,26.09,2148200,26.09
2016-09-28,25.790001,26.129999,25.68,26.110001,3085400,26.110001
2016-09-27,25.24,25.690001,24.889999,25.690001,2406000,25.690001
2016-09-26,25.16,25.34,24.959999,25.33,1058500,25.33
2016-09-23,24.67,25.32,24.67,25.219999,1434400,25.219999
2016-09-22,23.870001,24.99,23.82,24.84,1490500,24.84
2016-09-21,23.66,24.00,23.459999,23.870001,1716900,23.870001
2016-09-20,23.84,23.84,23.540001,23.57,1274300,23.57
2016-09-19,23.690001,23.879999,23.549999,23.74,918200,23.74
2016-09-16,23.610001,23.629999,23.24,23.610001,2586200,23.610001
2016-09-15,23.719999,23.879999,23.41,23.700001,1344900,23.700001
2016-09-14,23.790001,24.030001,23.66,23.790001,799200,23.790001
2016-09-13,23.98,24.07,23.66,23.77,1387900,23.77
2016-09-12,23.469999,24.23,23.33,24.18,1521000,24.18
2016-09-09,24.290001,24.450001,23.66,23.67,1484700,23.67
2016-09-08,24.379999,24.57,24.280001,24.52,2193900,24.52
2016-09-07,24.440001,24.60,24.309999,24.440001,911000,24.440001
2016-09-06,25.08,25.120001,24.25,24.469999,1691000,24.469999
2016-09-02,24.98,25.200001,24.93,25.08,820600,25.08
2016-09-01,24.879999,25.00,24.68,24.950001,1011300,24.950001
2016-08-31,24.83,25.00,24.610001,24.82,1526900,24.82
2016-08-30,24.92,25.02,24.700001,24.82,1156900,24.82
2016-08-29,24.99,25.16,24.940001,24.940001,575400,24.940001
2016-08-26,25.120001,25.370001,24.860001,25.00,931300,25.00
2016-08-25,25.360001,25.469999,25.049999,25.09,1101800,25.09
2016-08-24,25.60,25.73,25.299999,25.34,1101800,25.34
2016-08-23,25.950001,25.950001,25.59,25.59,1005200,25.59
2016-08-22,25.98,25.98,25.65,25.860001,1334800,25.860001
2016-08-19,25.879999,26.00,25.76,25.98,1434600,25.98
2016-08-18,25.860001,25.99,25.75,25.91,1575800,25.91
2016-08-17,25.32,25.98,25.25,25.93,2157300,25.93
2016-08-16,25.42,25.42,25.190001,25.24,873200,25.24
2016-08-15,25.370001,25.620001,25.33,25.42,1331800,25.42
2016-08-12,24.809999,25.389999,24.629999,25.33,4378100,25.33
2016-08-11,24.73,24.92,24.620001,24.889999,1526600,24.889999
2016-08-10,24.82,24.99,24.549999,24.65,1184800,24.65
2016-08-09,25.129999,25.129999,24.719999,24.719999,1454600,24.719999
2016-08-08,25.35,25.549999,24.959999,25.110001,1559400,25.110001
2016-08-05,25.66,25.68,25.299999,25.33,1553100,25.33
2016-08-04,25.84,25.84,25.17,25.450001,2187800,25.450001
2016-08-03,25.459999,26.610001,25.360001,25.91,1987200,25.91
2016-08-02,25.00,25.629999,24.84,25.41,4033600,25.41
2016-08-01,24.60,24.75,24.16,24.190001,1872600,24.190001
2016-07-29,24.59,24.60,24.139999,24.540001,1526700,24.540001
2016-07-28,24.73,24.809999,24.52,24.59,1789300,24.59
2016-07-27,24.879999,24.959999,24.379999,24.76,1561300,24.76
2016-07-26,24.73,24.950001,24.549999,24.85,1588100,24.85
2016-07-25,24.73,24.959999,24.620001,24.74,1544400,24.74
2016-07-22,24.540001,24.870001,24.48,24.780001,1589100,24.780001
2016-07-21,24.49,24.780001,24.40,24.559999,1353100,24.559999
2016-07-20,24.440001,24.790001,24.290001,24.48,1713000,24.48
2016-07-19,24.34,24.530001,24.280001,24.440001,1563400,24.440001
2016-07-18,24.27,24.51,24.139999,24.43,2331200,24.43
2016-07-15,24.77,24.77,24.030001,24.33,1911900,24.33
2016-07-14,24.77,24.82,24.48,24.719999,2893900,24.719999
2016-07-13,24.610001,24.690001,24.42,24.52,1548100,24.52
2016-07-12,24.450001,24.629999,24.389999,24.549999,1758000,24.549999
2016-07-11,24.610001,24.67,24.25,24.25,2207500,24.25
2016-07-08,24.40,24.629999,24.290001,24.440001,1878300,24.440001
2016-07-07,23.98,24.33,23.959999,24.23,2550900,24.23
2016-07-06,23.370001,23.950001,23.219999,23.90,2475000,23.90
2016-07-05,23.75,23.860001,23.280001,23.440001,2115900,23.440001
2016-07-01,23.90,24.110001,23.719999,23.889999,2175300,23.889999
2016-06-30,23.190001,23.860001,23.190001,23.85,2065400,23.85
2016-06-29,22.84,23.209999,22.60,23.08,1619500,23.08
2016-06-28,22.780001,22.879999,22.43,22.66,2120500,22.66
2016-06-27,23.120001,23.440001,22.51,22.540001,1965700,22.540001
2016-06-24,24.120001,24.190001,23.290001,23.35,2876100,23.35
2016-06-23,25.08,25.209999,24.92,25.110001,1555900,25.110001
2016-06-22,24.66,25.18,24.66,24.84,1246100,24.84
2016-06-21,25.00,25.07,24.41,24.66,1210100,24.66
2016-06-20,25.08,25.440001,25.00,25.030001,1431500,25.030001
2016-06-17,24.719999,25.07,24.58,24.75,2514800,24.75
2016-06-16,24.57,24.719999,24.25,24.68,1362400,24.68
2016-06-15,24.879999,25.24,24.65,24.700001,1328800,24.700001
2016-06-14,25.049999,25.18,24.620001,24.82,1218000,24.82
2016-06-13,25.27,25.620001,25.07,25.08,1043400,25.08
2016-06-10,25.950001,26.299999,25.129999,25.26,2673200,25.26
2016-06-09,26.76,26.76,26.15,26.290001,1923800,26.290001
2016-06-08,26.959999,27.110001,26.74,26.90,935200,26.90
2016-06-07,27.040001,27.07,26.51,26.83,2072300,26.83
2016-06-06,27.129999,27.57,27.059999,27.540001,2099900,27.540001
2016-06-03,27.110001,27.139999,26.58,27.09,1800600,27.09
2016-06-02,26.530001,27.23,26.530001,27.110001,1551400,27.110001
2016-06-01,26.67,26.809999,26.41,26.66,1491700,26.66
2016-05-31,26.469999,26.84,26.34,26.77,3396100,26.77
2016-05-27,26.02,26.459999,25.99,26.370001,1858400,26.370001
2016-05-26,25.940001,26.18,25.75,25.969999,1699000,25.969999
2016-05-25,25.469999,26.01,25.40,25.870001,2671200,25.870001
2016-05-24,25.40,25.540001,25.139999,25.379999,1899100,25.379999
2016-05-23,25.110001,25.549999,25.10,25.15,2144800,25.15
2016-05-20,25.219999,25.780001,25.030001,25.17,2563300,25.17
2016-05-19,25.780001,25.91,25.09,25.10,2941900,25.10
2016-05-18,25.98,26.01,25.440001,25.93,1972500,25.93
2016-05-17,26.52,26.93,26.34,26.450001,1715900,26.450001
2016-05-16,27.09,27.09,26.51,26.639999,1536800,26.639999
2016-05-13,27.26,27.540001,26.959999,27.040001,1768500,27.040001
2016-05-12,28.209999,28.370001,27.040001,27.309999,1414800,27.309999
2016-05-11,28.459999,28.459999,28.00,28.059999,1581500,28.059999
2016-05-10,27.65,28.530001,27.65,28.48,2194000,28.48
2016-05-09,27.709999,27.99,27.450001,27.57,1306900,27.57
2016-05-06,27.049999,27.73,26.93,27.67,1868500,27.67
2016-05-05,26.610001,27.809999,26.610001,27.219999,3098600,27.219999
2016-05-04,26.459999,27.09,26.219999,26.24,1798700,26.24
2016-05-03,27.200001,27.280001,26.530001,26.58,1574400,26.58
2016-05-02,26.85,27.65,26.620001,27.50,1879600,27.50
2016-04-29,27.290001,27.389999,26.469999,26.780001,2262600,26.780001
2016-04-28,27.68,28.00,27.389999,27.49,2230800,27.49
2016-04-27,27.66,27.940001,27.389999,27.799999,1613600,27.799999
2016-04-26,27.129999,27.90,27.01,27.610001,2239400,27.610001
2016-04-25,27.68,27.889999,27.209999,27.40,1831000,27.40
2016-04-22,27.690001,28.17,27.67,27.950001,2023100,27.950001
2016-04-21,27.610001,28.049999,27.610001,27.68,1943700,27.68
2016-04-20,27.719999,27.719999,27.110001,27.610001,2152200,27.610001
2016-04-19,27.799999,28.24,27.52,27.68,2147700,27.68
2016-04-18,27.40,27.99,27.40,27.809999,1858700,27.809999
2016-04-15,27.68,27.74,27.379999,27.59,1640300,27.59
2016-04-14,27.85,27.98,27.59,27.610001,1880100,27.610001
2016-04-13,27.860001,28.01,27.709999,27.85,2031100,27.85
2016-04-12,27.610001,27.76,27.440001,27.639999,1854000,27.639999
2016-04-11,27.620001,27.809999,27.34,27.51,1680600,27.51
2016-04-08,27.27,27.52,27.00,27.379999,1755200,27.379999
2016-04-07,27.52,27.700001,26.73,26.959999,1641100,26.959999
2016-04-06,27.459999,27.77,27.08,27.700001,1803300,27.700001
2016-04-05,27.34,27.709999,27.16,27.49,1659200,27.49
2016-04-04,27.50,27.780001,27.290001,27.620001,2039400,27.620001
2016-04-01,26.74,27.52,26.549999,27.48,1992600,27.48
2016-03-31,26.59,27.26,26.59,27.00,1603000,27.00
2016-03-30,26.90,26.99,26.48,26.639999,1284600,26.639999
2016-03-29,26.540001,26.82,26.27,26.639999,1358800,26.639999
2016-03-28,26.639999,26.93,26.370001,26.629999,1273100,26.629999
2016-03-24,26.27,26.59,25.93,26.530001,1599200,26.530001
2016-03-23,27.200001,27.299999,26.26,26.440001,1374200,26.440001
2016-03-22,27.58,27.73,27.129999,27.33,2212500,27.33
2016-03-21,27.959999,28.049999,27.309999,27.90,1352300,27.90
2016-03-18,27.73,28.02,27.50,28.00,6529000,28.00
2016-03-17,26.98,27.780001,26.98,27.60,1342200,27.60
2016-03-16,26.10,27.059999,26.01,27.02,1863100,27.02
2016-03-15,26.50,26.969999,26.15,26.290001,2668500,26.290001
2016-03-14,27.27,27.280001,26.50,26.67,2261300,26.67
2016-03-11,26.57,27.530001,26.57,27.32,1877200,27.32
2016-03-10,26.68,26.84,26.15,26.57,1515500,26.57
2016-03-09,26.440001,26.82,26.299999,26.620001,2766300,26.620001
2016-03-08,26.91,26.91,26.18,26.24,2868400,26.24
2016-03-07,26.48,27.26,26.27,27.09,1611800,27.09
2016-03-04,26.90,27.08,26.25,26.73,2340400,26.73
2016-03-03,26.00,27.07,25.950001,26.82,1887400,26.82
2016-03-02,25.67,26.32,25.57,26.00,1599500,26.00
2016-03-01,24.860001,26.01,24.690001,25.77,2102100,25.77
2016-02-29,24.59,25.00,24.440001,24.65,3128200,24.65
2016-02-26,24.74,24.860001,24.42,24.58,1914700,24.58
2016-02-25,24.99,25.02,24.09,24.57,1741100,24.57
2016-02-24,24.389999,24.91,23.92,24.82,1596100,24.82
2016-02-23,25.58,25.67,24.60,24.690001,1907800,24.690001
2016-02-22,25.17,25.969999,25.120001,25.709999,1592700,25.709999
2016-02-19,25.16,25.799999,24.559999,24.940001,2108700,24.940001
2016-02-18,25.75,25.75,23.799999,25.27,3118100,25.27
2016-02-17,25.309999,26.25,25.280001,26.01,2024000,26.01
2016-02-16,24.42,25.07,23.879999,25.030001,1935800,25.030001
2016-02-12,24.09,24.48,23.719999,24.440001,1695300,24.440001
2016-02-11,23.799999,24.09,23.33,23.809999,2515200,23.809999
2016-02-10,24.299999,24.68,23.549999,24.280001,2256400,24.280001
2016-02-09,24.98,24.98,23.889999,24.33,2295200,24.33
2016-02-08,26.35,26.360001,24.85,25.389999,1941600,25.389999
2016-02-05,27.030001,27.16,26.23,26.59,1996900,26.59
2016-02-04,26.879999,27.91,26.879999,27.190001,1566400,27.190001
2016-02-03,26.309999,26.93,25.66,26.889999,1449200,26.889999
2016-02-02,27.00,27.10,26.01,26.059999,1912600,26.059999
2016-02-01,26.959999,27.530001,26.60,27.389999,1818500,27.389999
2016-01-29,26.65,27.290001,26.43,27.209999,1915800,27.209999
2016-01-28,27.040001,27.129999,25.950001,26.440001,2555900,26.440001
2016-01-27,27.08,27.690001,26.690001,26.790001,2413500,26.790001
2016-01-26,25.959999,27.18,25.950001,27.120001,2667900,27.120001
2016-01-25,26.32,26.42,25.879999,25.92,2167100,25.92
2016-01-22,25.940001,26.540001,25.90,26.43,2417800,26.43
2016-01-21,25.040001,25.82,24.700001,25.540001,2969700,25.540001
2016-01-20,24.92,25.23,24.209999,25.02,3371400,25.02
2016-01-19,25.32,25.66,24.92,25.219999,3737300,25.219999
2016-01-15,24.83,25.33,24.549999,25.07,2408800,25.07
2016-01-14,24.709999,25.67,24.549999,25.42,2319600,25.42
2016-01-13,25.26,25.690001,24.48,24.620001,2182800,24.620001
2016-01-12,24.950001,25.559999,24.92,25.25,2127300,25.25
2016-01-11,25.059999,25.27,24.450001,24.85,2133300,24.85
2016-01-08,24.389999,25.09,24.209999,25.00,3264600,25.00
2016-01-07,24.559999,24.889999,24.15,24.32,2488700,24.32
2016-01-06,24.799999,25.389999,24.780001,25.10,1996600,25.10
2016-01-05,25.200001,25.469999,24.84,25.27,2290100,25.27
2016-01-04,24.719999,25.290001,24.719999,25.16,2655400,25.16
2015-12-31,24.950001,25.49,24.860001,25.219999,1239600,25.219999
2015-12-30,25.459999,25.51,24.950001,25.059999,1259700,25.059999
2015-12-29,25.60,25.66,25.25,25.379999,1319900,25.379999
2015-12-28,25.49,25.549999,24.780001,25.35,1652800,25.35
2015-12-24,25.76,25.82,25.49,25.549999,840700,25.549999
2015-12-23,25.690001,25.82,25.40,25.73,1953200,25.73
2015-12-22,25.76,25.879999,25.190001,25.530001,2079600,25.530001
2015-12-21,25.25,25.379999,24.969999,25.129999,2844700,25.129999
2015-12-18,25.209999,25.48,24.76,24.98,4391900,24.98
2015-12-17,26.18,26.27,25.24,25.379999,2610100,25.379999
2015-12-16,25.66,26.360001,25.58,26.110001,2598400,26.110001
2015-12-15,25.65,26.41,25.32,25.48,2952300,25.48
2015-12-14,26.35,26.60,24.969999,25.35,2824600,25.35
2015-12-11,26.84,27.00,26.040001,26.25,2143800,26.25
2015-12-10,27.290001,27.65,26.959999,27.190001,1970200,27.190001
2015-12-09,28.17,28.24,27.209999,27.290001,2642400,27.290001
2015-12-08,29.17,29.17,28.139999,28.18,1880400,28.18
2015-12-07,29.280001,29.530001,28.83,29.389999,1662300,29.389999
2015-12-04,28.709999,29.51,28.49,29.40,1955800,29.40
2015-12-03,28.77,29.209999,28.32,28.68,2157900,28.68
2015-12-02,29.809999,29.809999,28.709999,28.780001,1902100,28.780001
2015-12-01,29.59,29.90,29.379999,29.530001,1511900,29.530001
2015-11-30,29.52,29.790001,29.07,29.58,2039400,29.58
2015-11-27,29.360001,29.93,29.040001,29.459999,1087800,29.459999
2015-11-25,29.25,29.549999,29.049999,29.32,1451100,29.32
2015-11-24,29.08,29.469999,28.91,29.25,1970800,29.25
2015-11-23,29.02,29.75,28.74,29.190001,1513900,29.190001
2015-11-20,29.049999,29.35,28.82,29.059999,1944400,29.059999
2015-11-19,29.42,29.52,28.780001,28.860001,2170300,28.860001
2015-11-18,28.90,29.49,28.90,29.450001,1791600,29.450001
2015-11-17,28.26,29.48,28.26,28.700001,1622600,28.700001
2015-11-16,28.709999,29.290001,28.559999,29.16,1648400,29.16
2015-11-13,28.75,29.08,28.59,28.68,2105800,28.68
2015-11-12,29.139999,29.35,28.719999,28.870001,2052400,28.870001
2015-11-11,28.690001,29.74,28.629999,29.219999,1862700,29.219999
2015-11-10,27.58,28.559999,27.58,28.549999,1577100,28.549999
2015-11-09,27.52,27.84,26.860001,27.57,2061600,27.57
2015-11-06,27.77,27.91,27.309999,27.530001,1972300,27.530001
2015-11-05,28.76,28.83,27.610001,27.940001,2689500,27.940001
2015-11-04,29.139999,29.469999,27.68,28.610001,3282000,28.610001
2015-11-03,28.16,29.59,28.16,29.059999,2438800,29.059999
2015-11-02,27.65,28.290001,27.559999,27.99,2118400,27.99
2015-10-30,27.43,27.809999,27.07,27.52,940500,27.52
2015-10-29,27.60,28.200001,27.40,27.459999,729900,27.459999
2015-10-28,27.09,27.719999,26.860001,27.68,1202200,27.68
2015-10-27,27.379999,27.58,26.73,26.940001,941400,26.940001
2015-10-26,27.82,27.92,27.459999,27.559999,785400,27.559999
2015-10-23,27.879999,28.030001,27.219999,27.809999,1473400,27.809999
2015-10-22,26.959999,27.709999,26.799999,27.65,1396700,27.65
2015-10-21,27.309999,27.530001,26.790001,26.879999,969800,26.879999
2015-10-20,26.709999,27.33,26.65,27.200001,1363700,27.200001
2015-10-19,26.629999,26.950001,26.42,26.73,1231200,26.73
2015-10-16,27.18,27.18,26.51,26.709999,965200,26.709999
2015-10-15,26.780001,27.139999,26.360001,27.110001,1200900,27.110001
2015-10-14,27.01,27.17,26.25,26.58,934000,26.58
2015-10-13,27.129999,27.360001,26.68,27.09,2334900,27.09
2015-10-12,27.200001,27.219999,26.780001,27.209999,955200,27.209999
2015-10-09,27.030001,27.389999,26.75,27.26,912900,27.26
2015-10-08,26.24,27.09,26.10,27.030001,1050700,27.030001
2015-10-07,25.809999,26.85,25.809999,26.42,1720700,26.42
2015-10-06,25.309999,25.84,25.309999,25.73,908900,25.73
2015-10-05,24.50,25.57,24.50,25.33,1481000,25.33
2015-10-02,23.57,24.40,23.42,24.389999,1786100,24.389999
2015-10-01,24.35,24.41,23.76,23.83,2578200,23.83
2015-09-30,24.76,25.030001,23.76,24.290001,5910600,24.290001
2015-09-29,26.040001,26.209999,24.190001,24.700001,4034600,24.700001
2015-09-28,25.91,26.40,25.82,25.879999,1221900,25.879999
2015-09-25,26.18,26.18,25.809999,25.950001,1145200,25.950001
2015-09-24,25.690001,26.139999,25.450001,26.00,2621800,26.00
2015-09-23,25.950001,26.02,25.719999,25.93,1522400,25.93
2015-09-22,26.129999,26.440001,25.450001,25.969999,1955800,25.969999
2015-09-21,26.290001,26.690001,26.08,26.629999,1448100,26.629999
2015-09-18,25.99,26.43,25.66,26.24,2532800,26.24
2015-09-17,26.040001,26.67,25.950001,26.26,1596900,26.26
2015-09-16,25.299999,26.219999,25.299999,25.93,1295700,25.93
2015-09-15,24.92,25.43,24.809999,25.34,969500,25.34
2015-09-14,25.33,25.33,24.73,24.82,1396300,24.82
2015-09-11,25.360001,25.469999,24.93,25.379999,778100,25.379999
2015-09-10,25.299999,25.709999,25.120001,25.459999,1792200,25.459999
2015-09-09,26.049999,26.07,25.290001,25.34,1164200,25.34
2015-09-08,25.68,26.24,25.58,25.809999,1791000,25.809999
2015-09-04,25.48,25.799999,25.23,25.23,1694900,25.23
2015-09-03,25.60,26.35,25.450001,25.84,1307900,25.84
2015-09-02,25.639999,25.690001,24.93,25.50,1787200,25.50
2015-09-01,24.969999,25.299999,24.790001,25.23,4458800,25.23
2015-08-31,25.540001,25.67,25.08,25.360001,1927000,25.360001
2015-08-28,25.09,26.02,25.09,25.709999,2383900,25.709999
2015-08-27,25.33,25.690001,24.879999,25.32,2373300,25.32
2015-08-26,24.870001,25.17,24.35,25.10,3075100,25.10
2015-08-25,25.35,25.35,24.17,24.209999,4229500,24.209999
2015-08-24,24.620001,25.360001,24.08,24.860001,7120200,24.860001
2015-08-21,26.030001,26.26,25.51,25.99,5022800,25.99
2015-08-20,27.43,27.43,25.99,26.27,7419200,26.27
2015-08-19,27.57,27.98,27.309999,27.60,2438600,27.60
2015-08-18,27.74,27.77,27.51,27.75,2630000,27.75
2015-08-17,27.049999,27.780001,26.91,27.67,1903300,27.67
2015-08-14,27.26,27.379999,27.02,27.120001,1584000,27.120001
2015-08-13,27.450001,27.450001,27.01,27.25,3516800,27.25
2015-08-12,27.25,27.50,27.00,27.49,1710400,27.49
2015-08-11,27.93,27.93,27.200001,27.25,2680400,27.25
2015-08-10,27.90,28.10,27.68,27.959999,2566900,27.959999
2015-08-07,27.85,27.99,27.25,27.75,6543200,27.75
2015-08-06,27.00,28.110001,26.379999,27.969999,9608600,27.969999
2015-08-05,29.889999,29.98,26.52,26.719999,4081100,26.719999
2015-08-04,29.93,30.57,29.75,30.059999,733500,30.059999
2015-08-03,30.24,30.52,29.860001,30.01,1080300,30.01
2015-07-31,29.809999,30.440001,29.65,30.299999,1537900,30.299999
2015-07-30,29.299999,29.77,28.99,29.67,923400,29.67
2015-07-29,28.870001,29.469999,28.629999,29.34,1169500,29.34
2015-07-28,29.24,29.309999,28.67,28.889999,1780400,28.889999
2015-07-27,29.450001,30.120001,28.799999,29.10,1422800,29.10
2015-07-24,29.92,29.92,29.379999,29.50,753200,29.50
2015-07-23,29.889999,30.15,29.559999,29.66,1011700,29.66
2015-07-22,29.540001,29.959999,29.290001,29.91,1066100,29.91
2015-07-21,30.18,30.18,29.41,29.459999,1922900,29.459999
2015-07-20,30.860001,30.860001,29.790001,30.24,1896200,30.24
2015-07-17,32.610001,32.610001,30.98,31.00,1866000,31.00
2015-07-16,32.169998,32.779999,32.009998,32.68,1054400,32.68
2015-07-15,31.950001,32.16,31.780001,31.940001,880800,31.940001
2015-07-14,31.530001,31.950001,31.459999,31.889999,924600,31.889999
2015-07-13,31.51,31.98,31.389999,31.459999,1253800,31.459999
2015-07-10,30.889999,31.43,30.790001,31.32,674900,31.32
2015-07-09,31.08,31.26,30.559999,30.559999,940000,30.559999
2015-07-08,31.52,31.98,30.780001,30.85,1477200,30.85
2015-07-07,31.15,31.700001,30.530001,31.620001,1657000,31.620001
2015-07-06,31.07,31.530001,30.91,31.00,1540700,31.00
2015-07-02,31.24,31.66,30.99,31.25,2240600,31.25
2015-07-01,31.27,31.41,30.99,31.09,1532400,31.09
2015-06-30,31.17,31.549999,30.959999,31.08,2486200,31.08
2015-06-29,31.76,32.07,30.889999,31.00,1789100,31.00
2015-06-26,31.77,32.130001,31.49,31.549999,5208100,31.549999
2015-06-25,31.879999,31.940001,31.559999,31.65,1373700,31.65
2015-06-24,32.080002,32.099998,31.60,31.76,1484500,31.76
2015-06-23,31.879999,32.029999,31.51,32.00,1501000,32.00
2015-06-22,32.049999,32.32,31.799999,31.93,1133300,31.93
2015-06-19,31.74,31.99,31.440001,31.950001,4332200,31.950001
2015-06-18,31.41,32.049999,31.35,31.790001,1143100,31.790001
2015-06-17,30.809999,31.360001,30.799999,31.27,1149600,31.27
2015-06-16,30.52,30.950001,30.440001,30.83,958200,30.83
2015-06-15,30.209999,30.77,29.98,30.60,1316400,30.60
2015-06-12,30.690001,30.84,30.290001,30.379999,1206300,30.379999
2015-06-11,31.02,31.139999,30.450001,30.77,831300,30.77
2015-06-10,31.040001,31.23,30.780001,30.92,715700,30.92
2015-06-09,31.450001,31.450001,30.85,30.93,1015200,30.93
2015-06-08,31.809999,31.940001,31.23,31.42,1227300,31.42
2015-06-05,31.34,32.189999,31.200001,31.889999,1211800,31.889999
2015-06-04,31.35,31.57,31.07,31.459999,1696900,31.459999
2015-06-03,31.67,31.690001,31.190001,31.50,861300,31.50
2015-06-02,31.40,31.799999,31.129999,31.58,905500,31.58
2015-06-01,31.50,31.74,31.35,31.440001,1249700,31.440001
2015-05-29,30.969999,31.58,30.969999,31.450001,1970700,31.450001
2015-05-28,31.049999,31.15,30.90,31.02,1258400,31.02
2015-05-27,30.60,31.15,30.440001,31.01,1254100,31.01
2015-05-26,30.959999,30.959999,30.440001,30.610001,1464600,30.610001
2015-05-22,31.040001,31.18,30.709999,30.959999,1278300,30.959999
2015-05-21,31.139999,31.290001,30.879999,31.00,1512000,31.00
2015-05-20,31.08,31.299999,30.91,31.07,1399600,31.07
2015-05-19,30.60,31.07,30.42,30.90,1727600,30.90
2015-05-18,29.389999,30.799999,29.26,30.639999,1875500,30.639999
2015-05-15,29.16,29.48,29.02,29.459999,1375100,29.459999
2015-05-14,29.219999,29.450001,28.969999,29.16,1254500,29.16
2015-05-13,29.530001,29.65,28.940001,29.09,1718200,29.09
2015-05-12,28.40,29.84,28.24,29.379999,4250000,29.379999
2015-05-11,28.870001,29.280001,28.52,28.530001,1893900,28.530001
2015-05-08,29.360001,29.389999,28.860001,28.91,1721800,28.91
2015-05-07,29.360001,29.51,28.91,29.08,1828500,29.08
2015-05-06,30.299999,30.49,29.50,29.59,2371500,29.59
2015-05-05,30.90,31.33,30.33,30.34,3200500,30.34
2015-05-04,30.48,31.02,30.459999,30.90,1937400,30.90
2015-05-01,30.280001,30.629999,30.190001,30.50,1789600,30.50
2015-04-30,30.01,30.50,29.969999,30.23,3891400,30.23
2015-04-29,29.870001,30.370001,29.780001,30.17,2863000,30.17
2015-04-28,30.27,30.290001,29.719999,29.93,2672600,29.93
2015-04-27,31.200001,31.219999,30.299999,30.440001,1826400,30.440001
2015-04-24,31.84,31.84,30.99,31.02,1852500,31.02
2015-04-23,31.620001,32.189999,31.40,31.799999,2177900,31.799999
2015-04-22,31.889999,31.950001,31.50,31.690001,1720100,31.690001
2015-04-21,32.220001,32.34,31.76,31.77,1635600,31.77
2015-04-20,31.32,32.66,31.32,32.169998,2457000,32.169998
2015-04-17,31.43,31.549999,30.60,31.15,2021900,31.15
2015-04-16,31.85,31.969999,31.52,31.76,967000,31.76
2015-04-15,31.540001,32.16,31.459999,31.91,1975100,31.91
2015-04-14,31.620001,31.93,31.25,31.43,1681000,31.43
2015-04-13,31.85,32.130001,31.59,31.67,1748800,31.67
2015-04-10,32.220001,32.220001,31.799999,31.82,1932700,31.82
2015-04-09,31.790001,32.200001,31.719999,32.09,2798500,32.09
2015-04-08,31.719999,32.099998,31.67,31.77,2189500,31.77
2015-04-07,31.51,32.060001,31.360001,31.690001,1799200,31.690001
2015-04-06,30.43,31.709999,30.299999,31.620001,1855700,31.620001
2015-04-02,29.91,30.84,29.65,30.65,2596500,30.65
2015-04-01,29.50,29.969999,29.32,29.82,2338800,29.82
2015-03-31,29.700001,29.879999,29.450001,29.48,1900200,29.48
2015-03-30,29.940001,30.26,29.74,29.790001,926700,29.790001
2015-03-27,29.59,30.18,29.42,29.77,1445500,29.77
2015-03-26,30.01,30.15,29.32,29.690001,1605100,29.690001
2015-03-25,31.120001,31.17,29.950001,30.16,1751000,30.16
2015-03-24,31.18,31.43,31.01,31.15,894000,31.15
2015-03-23,31.299999,31.629999,31.209999,31.24,1514700,31.24
2015-03-20,30.860001,31.450001,30.620001,31.379999,2322500,31.379999
2015-03-19,30.67,30.719999,30.129999,30.66,1323900,30.66
2015-03-18,30.959999,30.959999,30.16,30.73,1848800,30.73
2015-03-17,31.17,31.27,30.77,31.040001,2563000,31.040001
2015-03-16,31.059999,31.459999,30.629999,31.389999,1290900,31.389999
2015-03-13,31.059999,31.23,30.60,30.969999,1961500,30.969999
2015-03-12,31.49,31.639999,30.75,31.209999,3557500,31.209999
2015-03-11,31.18,31.459999,31.049999,31.35,2577300,31.35
2015-03-10,31.27,31.459999,30.879999,31.17,2139100,31.17
2015-03-09,31.77,31.969999,31.379999,31.52,1834800,31.52
2015-03-06,31.33,32.130001,31.25,31.77,1978100,31.77
2015-03-05,32.200001,32.380001,31.98,32.150002,1838900,32.150002
2015-03-04,32.389999,32.509998,31.90,32.169998,2278800,32.169998
2015-03-03,30.940001,32.630001,30.940001,32.540001,3514200,32.540001
2015-03-02,30.610001,31.16,30.389999,31.08,3510500,31.08
2015-02-27,30.969999,31.16,30.49,30.51,7670300,30.51
2015-02-26,31.299999,31.50,30.639999,30.84,3628200,30.84
2015-02-25,30.700001,31.49,30.65,31.379999,5772400,31.379999
2015-02-24,30.360001,31.01,30.360001,30.709999,7502700,30.709999
2015-02-23,30.09,31.99,30.09,30.34,10093000,30.34
2015-02-20,29.99,29.99,28.639999,29.51,7288000,29.51
2015-02-19,29.93,31.219999,28.92,29.959999,3506500,29.959999
2015-02-18,30.040001,30.219999,29.82,29.98,1549300,29.98
2015-02-17,30.99,30.99,29.84,30.030001,1505000,30.030001
2015-02-13,29.620001,30.370001,29.52,30.32,1844600,30.32
2015-02-12,29.74,29.99,29.209999,29.52,1827000,29.52
2015-02-11,29.879999,30.040001,29.27,29.549999,1480300,29.549999
2015-02-10,29.290001,29.90,28.969999,29.870001,1531600,29.870001
2015-02-09,28.700001,29.24,28.59,29.129999,1030700,29.129999
2015-02-06,28.530001,29.389999,28.370001,28.91,1676500,28.91
2015-02-05,29.15,29.15,28.049999,28.379999,2052800,28.379999
2015-02-04,28.24,29.299999,28.24,28.950001,2655800,28.950001
2015-02-03,28.360001,29.02,28.110001,28.379999,7119900,28.379999
2015-02-02,28.059999,28.200001,27.66,28.10,3821700,28.10
2015-01-30,28.379999,28.84,27.82,27.879999,7351600,27.879999
2015-01-29,28.809999,29.030001,28.48,28.77,2158500,28.77
2015-01-28,29.40,29.530001,28.809999,28.879999,3436600,28.879999
2015-01-27,28.75,29.40,28.719999,29.35,4142200,29.35
2015-01-26,29.00,29.389999,28.950001,29.139999,1328400,29.139999
2015-01-23,28.92,29.07,28.639999,28.98,3409800,28.98
2015-01-22,28.51,29.18,28.50,28.879999,1944700,28.879999
2015-01-21,28.26,28.82,28.10,28.40,1778900,28.40
2015-01-20,28.59,28.620001,27.85,28.23,2037600,28.23
2015-01-16,28.48,28.77,28.00,28.540001,3267800,28.540001
2015-01-15,29.190001,29.389999,28.450001,28.459999,3101100,28.459999
2015-01-14,30.129999,30.129999,28.83,29.17,3414800,29.17
2015-01-13,31.190001,31.42,30.25,30.33,1801200,30.33
2015-01-12,31.219999,31.379999,30.700001,30.879999,1860500,30.879999
2015-01-09,31.34,31.540001,31.09,31.17,1242900,31.17
2015-01-08,31.549999,31.809999,30.940001,31.43,3130600,31.43
2015-01-07,31.299999,31.370001,30.67,31.32,2300700,31.32
2015-01-06,32.130001,32.209999,31.030001,31.120001,2199900,31.120001
2015-01-05,33.330002,33.330002,32.099998,32.130001,1368200,32.130001
2015-01-02,33.759998,33.759998,33.240002,33.439999,1167900,33.439999
2014-12-31,34.34,34.48,33.68,33.720001,1348000,33.720001
2014-12-30,34.27,34.360001,33.66,34.220001,1224100,34.220001
2014-12-29,33.73,34.73,33.68,34.459999,1232900,34.459999
2014-12-26,34.169998,34.330002,33.77,33.810001,936500,33.810001
2014-12-24,33.98,34.32,33.880001,33.990002,380000,33.990002
2014-12-23,34.18,34.790001,33.919998,34.200001,1570600,34.200001
2014-12-22,34.50,34.599998,33.639999,34.00,2173500,34.00
2014-12-19,34.610001,34.939999,34.029999,34.540001,6328000,34.540001
2014-12-18,33.98,34.59,33.619999,34.57,2107500,34.57
2014-12-17,32.389999,33.689999,32.25,33.52,1738000,33.52
2014-12-16,32.110001,32.830002,31.60,32.290001,2435800,32.290001
2014-12-15,32.799999,33.200001,31.799999,31.950001,3020000,31.950001
2014-12-12,32.880001,33.43,32.459999,32.540001,1571800,32.540001
2014-12-11,33.259998,33.830002,33.139999,33.189999,987400,33.189999
2014-12-10,33.77,33.830002,33.009998,33.150002,1497700,33.150002
2014-12-09,32.93,34.130001,32.740002,33.959999,1434400,33.959999
2014-12-08,33.169998,33.630001,32.880001,33.23,2323900,33.23
2014-12-05,33.939999,34.110001,32.709999,33.32,2878400,33.32
2014-12-04,34.580002,34.740002,33.790001,33.939999,1228600,33.939999
2014-12-03,34.400002,35.060001,34.369999,34.689999,1227900,34.689999
2014-12-02,34.130001,34.549999,33.939999,34.310001,1673400,34.310001
2014-12-01,33.869999,34.32,33.52,33.98,1057700,33.98
2014-11-28,34.16,34.529999,33.639999,34.009998,823900,34.009998
2014-11-26,34.02,34.169998,33.650002,33.860001,919500,33.860001
2014-11-25,33.93,34.650002,33.82,33.919998,2378600,33.919998
2014-11-24,33.32,33.82,33.259998,33.799999,1811700,33.799999
2014-11-21,33.830002,33.830002,32.959999,33.18,2695400,33.18
2014-11-20,32.27,33.50,32.130001,33.48,3053800,33.48
2014-11-19,32.59,32.720001,32.060001,32.490002,2628000,32.490002
2014-11-18,31.50,32.82,31.48,32.689999,3805800,32.689999
2014-11-17,32.189999,32.349998,31.42,31.469999,4184800,31.469999
2014-11-14,32.00,32.610001,31.889999,32.32,3749100,32.32
2014-11-13,31.379999,32.189999,31.34,32.00,4514000,32.00
2014-11-12,31.34,31.74,31.02,31.379999,2601200,31.379999
2014-11-11,32.07,32.369999,31.50,31.540001,3922600,31.540001
2014-11-10,32.27,32.68,31.91,31.950001,5220400,31.950001
2014-11-07,32.759998,33.09,32.32,32.34,4839400,32.34
2014-11-06,34.580002,34.689999,32.82,32.869999,3805500,32.869999
2014-11-05,33.439999,34.509998,32.529999,34.490002,11256400,34.490002
2014-11-04,31.700001,33.459999,31.41,33.369999,6659600,33.369999
2014-11-03,34.98,35.220001,34.580002,35.169998,3011600,35.169998
2014-10-31,36.740002,36.740002,34.98,34.990002,3296700,34.990002
2014-10-30,36.23,36.599998,35.349998,35.950001,3945900,35.950001
2014-10-29,36.990002,37.369999,36.439999,36.66,1251800,36.66
2014-10-28,36.349998,37.099998,36.18,37.049999,1498300,37.049999
2014-10-27,36.16,36.360001,35.84,36.189999,1108000,36.189999
2014-10-24,35.529999,36.259998,35.220001,36.189999,1204000,36.189999
2014-10-23,34.720001,36.290001,34.66,35.689999,1245000,35.689999
2014-10-22,35.98,36.130001,34.470001,34.48,1726900,34.48
2014-10-21,34.290001,36.080002,34.209999,35.900002,1659500,35.900002
2014-10-20,34.299999,34.400002,33.700001,34.16,1579200,34.16
2014-10-17,34.189999,34.91,34.119999,34.380001,1415800,34.380001
2014-10-16,33.189999,34.119999,33.07,33.970001,2773500,33.970001
2014-10-15,33.52,34.459999,32.849998,33.849998,2780000,33.849998
2014-10-14,33.75,34.91,33.720001,33.84,2374500,33.84
2014-10-13,34.32,34.560001,33.380001,33.459999,2384500,33.459999
2014-10-10,34.959999,35.209999,34.490002,34.529999,2754300,34.529999
2014-10-09,35.889999,36.080002,34.860001,34.939999,3041000,34.939999
2014-10-08,35.369999,36.32,35.150002,36.009998,4540600,36.009998
2014-10-07,36.259998,36.50,35.240002,35.41,4568100,35.41
2014-10-06,36.84,37.189999,36.459999,36.57,1498900,36.57
2014-10-03,36.139999,36.93,35.849998,36.77,1896200,36.77
2014-10-02,35.91,36.150002,35.310001,36.049999,2385600,36.049999
2014-10-01,37.25,37.290001,36.00,36.02,2512800,36.02
2014-09-30,37.16,37.639999,37.16,37.279999,1528000,37.279999
2014-09-29,37.759998,37.900002,36.919998,37.209999,1583800,37.209999
2014-09-26,37.549999,38.310001,37.50,38.189999,1094000,38.189999
2014-09-25,37.549999,37.779999,37.34,37.599998,1445400,37.599998
2014-09-24,37.77,37.830002,37.259998,37.540001,1697000,37.540001
2014-09-23,38.360001,38.610001,37.650002,37.669998,1922800,37.669998
2014-09-22,39.110001,39.549999,38.52,38.57,1512700,38.57
2014-09-19,39.540001,39.669998,39.209999,39.52,12577000,39.52
2014-09-18,39.880001,39.880001,39.130001,39.419998,1920600,39.419998
2014-09-17,38.939999,39.580002,38.599998,39.349998,2604500,39.349998
2014-09-16,38.50,39.23,38.049999,38.970001,2861800,38.970001
2014-09-15,38.720001,38.810001,37.580002,38.529999,4345100,38.529999
2014-09-12,39.759998,39.889999,38.790001,38.799999,2164400,38.799999
2014-09-11,40.099998,40.509998,39.68,39.919998,2008500,39.919998
2014-09-10,40.349998,40.50,40.02,40.32,1711700,40.32
2014-09-09,41.990002,42.00,40.209999,40.25,3703800,40.25
2014-09-08,42.630001,42.779999,41.540001,42.16,4393700,42.16
2014-09-05,43.080002,43.099998,42.450001,42.630001,2337300,42.630001
2014-09-04,43.139999,43.389999,42.860001,43.029999,2671300,43.029999
2014-09-03,43.84,44.00,42.880001,43.139999,3074800,43.139999
2014-09-02,43.049999,43.619999,43.049999,43.610001,2913200,43.610001
2014-08-29,42.889999,43.360001,42.580002,42.970001,2411100,42.970001
2014-08-28,42.849998,43.049999,42.580002,42.91,2166500,42.91
2014-08-27,43.00,43.150002,42.810001,42.919998,1529500,42.919998
2014-08-26,42.66,43.360001,42.540001,43.09,1714500,43.09
2014-08-25,43.16,43.290001,42.549999,42.790001,1897500,42.790001
2014-08-22,43.32,43.439999,43.02,43.060001,2208000,43.060001
2014-08-21,43.099998,43.389999,42.889999,43.189999,2129900,43.189999
2014-08-20,42.540001,43.25,42.470001,43.200001,1380400,43.200001
2014-08-19,42.459999,42.900002,41.959999,42.73,1751700,42.73
2014-08-18,41.900002,42.470001,41.759998,42.360001,1122600,42.360001
2014-08-15,41.209999,41.66,40.700001,41.619999,1754200,41.619999
2014-08-14,40.93,41.150002,40.799999,40.959999,1288800,40.959999
2014-08-13,38.580002,40.970001,38.25,40.939999,2163100,40.939999
2014-08-12,40.810001,41.189999,40.419998,40.73,1722300,40.73
2014-08-11,41.029999,41.740002,40.860001,40.970001,1588600,40.970001
2014-08-08,39.959999,41.07,39.490002,40.959999,1973900,40.959999
2014-08-07,41.169998,41.93,39.73,39.779999,2670700,39.779999
2014-08-06,82.370003,82.389999,80.849998,81.220001,1432400,40.610001
2014-08-05,82.959999,83.230003,82.169998,82.809998,527600,41.404999
2014-08-04,82.139999,83.400002,81.889999,83.169998,695400,41.584999
2014-08-01,83.010002,83.989998,81.610001,81.839996,3888600,40.919998
2014-07-31,81.510002,84.870003,80.330002,84.099998,932800,42.049999
2014-07-30,81.540001,82.910004,81.300003,82.620003,865000,41.310001
2014-07-29,82.00,82.529999,81.389999,81.43,704000,40.715
2014-07-28,81.519997,81.959999,81.379997,81.760002,292800,40.880001
2014-07-25,81.010002,81.650002,80.809998,81.529999,541400,40.764999
2014-07-24,81.519997,82.029999,81.059998,81.279999,707600,40.639999
2014-07-23,82.120003,82.169998,80.860001,81.389999,915600,40.695
2014-07-22,83.519997,83.540001,82.330002,82.339996,455400,41.169998
2014-07-21,83.989998,84.010002,82.970001,83.160004,395800,41.580002
2014-07-18,83.75,84.160004,83.110001,84.00,1092600,42.00
2014-07-17,81.970001,85.32,81.730003,83.459999,966000,41.73
2014-07-16,79.739998,83.699997,79.269997,82.080002,1858600,41.040001
2014-07-15,77.199997,77.639999,76.919998,77.400002,735000,38.700001
2014-07-14,78.080002,78.080002,76.830002,76.989998,590000,38.494999
2014-07-11,76.940002,78.769997,76.660004,77.849998,614400,38.924999
2014-07-10,76.349998,77.419998,75.989998,77.080002,718600,38.540001
2014-07-09,75.489998,77.480003,75.489998,77.120003,856600,38.560001
2014-07-08,75.129997,75.440002,74.860001,75.300003,496800,37.650002
2014-07-07,75.470001,75.669998,74.949997,75.419998,481600,37.709999
2014-07-03,75.099998,76.540001,75.099998,75.800003,694400,37.900002
2014-07-02,74.029999,75.25,74.029999,75.120003,747400,37.560001
2014-07-01,72.809998,74.57,72.800003,74.389999,737200,37.195
2014-06-30,72.199997,73.669998,72.199997,72.589996,795600,36.294998
2014-06-27,71.959999,72.470001,71.860001,72.290001,1296000,36.145
2014-06-26,73.330002,73.330002,70.910004,72.080002,1048800,36.040001
2014-06-25,72.639999,73.93,72.519997,73.410004,492600,36.705002
2014-06-24,73.650002,74.160004,73.43,73.57,341800,36.785
2014-06-23,73.239998,74.660004,72.779999,73.599998,431200,36.799999
2014-06-20,74.940002,74.940002,72.93,73.290001,1603000,36.645
2014-06-19,76.220001,76.220001,74.809998,74.900002,930200,37.450001
2014-06-18,76.489998,76.489998,75.010002,76.010002,505200,38.005001
2014-06-17,76.010002,76.470001,75.650002,76.370003,1376400,38.185001
2014-06-16,76.580002,76.580002,75.650002,76.269997,885200,38.134998
2014-06-13,77.400002,77.650002,76.330002,76.50,780600,38.25
2014-06-12,77.510002,77.790001,77.010002,77.300003,466400,38.650002
2014-06-11,78.360001,78.82,77.160004,77.440002,932800,38.720001
2014-06-10,78.629997,78.879997,77.900002,78.68,1165600,39.34
2014-06-09,78.559998,79.910004,78.559998,78.82,836200,39.41
2014-06-06,78.089996,79.07,78.040001,78.760002,1191400,39.380001
2014-06-05,77.449997,79.370003,77.440002,78.480003,1417600,39.240002
2014-06-04,77.25,78.290001,76.889999,77.589996,1358000,38.794998
2014-06-03,76.059998,77.360001,76.059998,77.230003,1699000,38.615002
2014-06-02,75.040001,76.900002,75.040001,76.599998,1387800,38.299999
2014-05-30,75.25,75.849998,74.800003,74.949997,3072600,37.474998
2014-05-29,76.779999,76.980003,75.349998,75.68,829600,37.84
2014-05-28,75.769997,77.169998,75.419998,76.790001,1040800,38.395
2014-05-27,75.260002,76.239998,74.639999,75.849998,1177800,37.924999
2014-05-23,72.889999,75.169998,72.889999,75.110001,1632400,37.555
2014-05-22,71.959999,73.120003,71.489998,72.879997,1202000,36.439999
2014-05-21,69.330002,73.080002,69.139999,72.010002,6767200,36.005001
2014-05-20,68.830002,69.279999,68.120003,68.50,1750800,34.25
2014-05-19,67.349998,69.160004,67.349998,68.669998,2099000,34.334999
2014-05-16,67.010002,67.980003,66.870003,67.889999,1387000,33.945
2014-05-15,67.18,67.669998,66.589996,67.199997,1909200,33.599998
2014-05-14,67.360001,67.519997,66.370003,67.129997,3113600,33.564999
2014-05-13,68.150002,68.379997,67.25,67.290001,1108800,33.645
2014-05-12,67.099998,68.139999,67.099998,67.779999,1054000,33.889999
2014-05-09,68.150002,68.150002,66.919998,66.980003,1615200,33.490002
2014-05-08,67.190002,69.190002,66.739998,68.199997,2351200,34.099998
2014-05-07,68.18,68.50,66.800003,66.949997,1991000,33.474998
2014-05-06,72.00,72.00,67.739998,68.290001,4826200,34.145
2014-05-05,70.480003,71.709999,70.290001,71.510002,2786600,35.755001
2014-05-02,70.769997,71.099998,70.580002,70.739998,1732200,35.369999
2014-05-01,70.480003,71.080002,70.050003,70.610001,1682000,35.305
2014-04-30,70.00,70.550003,69.419998,70.129997,1361200,35.064999
2014-04-29,70.199997,70.32,69.800003,69.949997,1588800,34.974998
2014-04-28,71.669998,71.989998,69.580002,70.129997,1628400,35.064999
2014-04-25,71.949997,71.949997,71.419998,71.540001,699400,35.77
2014-04-24,72.559998,72.68,71.949997,71.980003,1119000,35.990002
2014-04-23,72.68,73.099998,72.110001,72.160004,1113200,36.080002
2014-04-22,72.50,73.339996,72.379997,72.589996,1529400,36.294998
2014-04-21,72.75,73.260002,72.160004,72.440002,818200,36.220001
2014-04-17,72.519997,72.970001,72.400002,72.75,910000,36.375
2014-04-16,71.910004,72.779999,71.910004,72.699997,1009200,36.349998
2014-04-15,72.269997,72.639999,70.370003,71.769997,1714800,35.884998
2014-04-14,73.190002,73.25,72.129997,72.260002,1105800,36.130001
2014-04-11,73.910004,74.389999,72.669998,72.830002,890000,36.415001
2014-04-10,75.50,75.510002,74.190002,74.32,1050000,37.16
2014-04-09,75.220001,75.900002,75.00,75.550003,884800,37.775002
2014-04-08,75.440002,75.589996,74.239998,74.900002,1024400,37.450001
2014-04-07,77.550003,77.620003,74.709999,75.449997,1094400,37.724998
2014-04-04,79.440002,79.440002,77.620003,77.620003,882600,38.810001
2014-04-03,78.68,79.239998,78.370003,78.57,466600,39.285
2014-04-02,78.580002,79.309998,78.360001,78.720001,518400,39.360001
2014-04-01,77.480003,78.449997,77.260002,78.389999,582200,39.195
2014-03-31,76.690002,77.580002,76.559998,77.059998,513200,38.529999
2014-03-28,76.050003,76.639999,75.709999,76.50,660000,38.25
2014-03-27,75.879997,76.269997,75.279999,75.720001,701600,37.860001
2014-03-26,77.019997,77.440002,76.120003,76.139999,757200,38.07
2014-03-25,77.029999,77.480003,76.339996,76.57,638000,38.285
2014-03-24,77.989998,77.989998,76.519997,76.879997,852200,38.439999
2014-03-21,77.529999,78.559998,76.93,77.790001,1078400,38.895
2014-03-20,77.07,77.769997,76.830002,77.019997,1095800,38.509998
2014-03-19,77.510002,78.019997,77.360001,77.389999,1400600,38.695
2014-03-18,77.300003,78.07,77.080002,77.650002,1405000,38.825001
2014-03-17,78.00,78.00,77.160004,77.349998,1164000,38.674999
2014-03-14,78.18,78.82,76.910004,77.730003,1030600,38.865002
2014-03-13,79.650002,79.970001,78.07,78.160004,1170800,39.080002
2014-03-12,78.410004,79.400002,78.339996,79.260002,1326600,39.630001
2014-03-11,80.220001,80.230003,78.510002,78.860001,860800,39.43
2014-03-10,78.910004,80.559998,78.910004,80.00,1179200,40.00
2014-03-07,79.919998,80.339996,79.209999,79.300003,918200,39.650002
2014-03-06,78.269997,80.360001,78.00,79.75,1695600,39.875
2014-03-05,78.360001,79.00,78.18,78.410004,1160200,39.205002
2014-03-04,76.849998,78.620003,76.849998,78.199997,555200,39.099998
2014-03-03,76.660004,76.940002,75.870003,76.43,655200,38.215
2014-02-28,76.50,77.970001,76.50,77.129997,1199600,38.564999
2014-02-27,76.220001,76.910004,75.199997,76.32,627200,38.16
2014-02-26,76.540001,77.779999,75.849998,76.059998,799400,38.029999
2014-02-25,77.050003,77.459999,76.25,76.50,636800,38.25
2014-02-24,77.620003,77.889999,77.139999,77.169998,899000,38.584999
2014-02-21,76.580002,77.57,75.910004,77.330002,1053400,38.665001
2014-02-20,75.639999,76.599998,75.559998,76.559998,720800,38.279999
2014-02-19,74.449997,76.300003,74.449997,75.410004,623600,37.705002
2014-02-18,75.199997,75.669998,74.110001,74.629997,608800,37.314999
2014-02-14,73.300003,75.169998,72.800003,74.779999,799200,37.389999
2014-02-13,73.849998,74.709999,72.540001,72.849998,849000,36.424999
2014-02-12,76.139999,76.519997,75.599998,76.07,529400,38.035
2014-02-11,75.629997,77.099998,75.629997,76.050003,574000,38.025002
2014-02-10,76.029999,76.029999,75.559998,75.800003,255800,37.900002
2014-02-07,75.82,76.400002,75.32,76.019997,566600,38.009998
2014-02-06,73.50,75.730003,73.18,75.349998,898600,37.674999
2014-02-05,72.290001,74.00,71.809998,73.389999,467200,36.695
2014-02-04,72.639999,73.029999,71.860001,72.519997,540800,36.259998
2014-02-03,73.830002,73.830002,72.059998,72.309998,697000,36.154999
2014-01-31,73.019997,74.559998,72.769997,73.720001,547200,36.860001
2014-01-30,73.029999,75.540001,72.809998,73.980003,1386000,36.990002
2014-01-29,71.209999,72.849998,70.879997,72.599998,1066600,36.299999
2014-01-28,72.010002,72.519997,71.360001,72.110001,788200,36.055
2014-01-27,73.779999,73.919998,71.260002,71.769997,750400,35.884998
2014-01-24,74.300003,74.300003,73.370003,73.589996,1394000,36.794998
2014-01-23,73.739998,74.25,73.43,73.980003,1527000,36.990002
2014-01-22,74.139999,74.419998,73.720001,74.300003,790600,37.150002
2014-01-21,74.75,74.82,73.339996,74.129997,842400,37.064999
2014-01-17,75.110001,75.519997,74.010002,74.529999,521400,37.264999
2014-01-16,75.540001,76.400002,75.050003,75.32,443800,37.66
2014-01-15,76.00,76.160004,75.220001,75.849998,543800,37.924999
2014-01-14,75.209999,76.209999,75.129997,75.720001,696800,37.860001
2014-01-13,77.169998,77.580002,74.970001,75.209999,660600,37.605
2014-01-10,78.419998,78.889999,77.330002,77.550003,603200,38.775002
2014-01-09,78.32,78.580002,77.419998,78.440002,960200,39.220001
2014-01-08,80.129997,80.720001,77.639999,78.139999,1163200,39.07
2014-01-07,80.769997,80.769997,79.800003,79.980003,587800,39.990002
2014-01-06,82.199997,82.699997,80.489998,80.730003,572800,40.365002
2014-01-03,82.830002,83.300003,81.940002,82.120003,320200,41.060001
2014-01-02,83.220001,83.669998,82.129997,82.519997,369000,41.259998
2013-12-31,83.480003,84.040001,83.150002,83.860001,625400,41.93
2013-12-30,82.32,83.779999,82.129997,83.580002,514400,41.790001
2013-12-27,82.690002,82.830002,82.07,82.330002,292800,41.165001
2013-12-26,82.00,82.550003,81.25,82.290001,365200,41.145
2013-12-24,80.800003,82.190002,80.800003,81.849998,443000,40.924999
2013-12-23,81.440002,81.760002,81.190002,81.43,706600,40.715
2013-12-20,79.760002,81.699997,79.730003,80.900002,1289000,40.450001
2013-12-19,78.709999,80.190002,78.709999,79.709999,597600,39.855
2013-12-18,77.809998,79.690002,77.400002,79.639999,599800,39.82
2013-12-17,77.50,77.82,76.650002,77.599998,470800,38.799999
2013-12-16,76.559998,78.059998,76.559998,77.459999,489600,38.73
2013-12-13,76.68,77.949997,75.860001,76.389999,627400,38.195
2013-12-12,77.790001,77.82,76.470001,76.529999,631600,38.264999
2013-12-11,78.769997,79.980003,77.839996,78.059998,512200,39.029999
2013-12-10,78.690002,79.57,78.25,78.589996,326600,39.294998
2013-12-09,79.239998,79.290001,77.629997,78.919998,798000,39.459999
2013-12-06,78.269997,78.949997,77.839996,78.849998,458200,39.424999
2013-12-05,77.639999,78.559998,77.25,77.610001,683200,38.805
2013-12-04,78.379997,78.889999,77.459999,77.879997,580400,38.939999
2013-12-03,79.75,80.199997,78.68,79.010002,614000,39.505001
2013-12-02,81.099998,81.099998,79.769997,80.120003,414000,40.060001
2013-11-29,80.269997,81.769997,80.269997,80.769997,316800,40.384998
2013-11-27,80.510002,81.010002,80.080002,80.470001,375400,40.235001
2013-11-26,79.599998,80.720001,79.220001,80.209999,609000,40.105
2013-11-25,79.93,80.300003,79.199997,79.419998,374200,39.709999
2013-11-22,79.220001,79.879997,79.220001,79.589996,257600,39.794998
2013-11-21,79.459999,79.470001,78.769997,79.029999,501400,39.514999
2013-11-20,79.07,79.870003,78.57,79.150002,798800,39.575001
2013-11-19,79.080002,79.690002,78.82,78.949997,441600,39.474998
2013-11-18,79.660004,79.940002,79.099998,79.269997,340600,39.634998
2013-11-15,79.730003,80.050003,79.160004,79.400002,331000,39.700001
2013-11-14,79.43,80.150002,78.980003,79.440002,389800,39.720001
2013-11-13,77.550003,79.32,77.360001,79.309998,351200,39.654999
2013-11-12,78.290001,78.739998,77.709999,78.010002,584400,39.005001
2013-11-11,79.169998,79.599998,78.419998,78.57,194400,39.285
2013-11-08,78.489998,79.470001,78.059998,79.050003,577000,39.525002
2013-11-07,79.900002,79.900002,78.169998,78.489998,1244600,39.244999
2013-11-06,80.849998,81.43,79.400002,79.550003,564200,39.775002
2013-11-05,79.900002,81.010002,79.50,80.690002,433200,40.345001
2013-11-04,81.230003,81.75,79.120003,80.330002,794200,40.165001
2013-11-01,82.25,83.07,81.099998,81.190002,1695600,40.595001
2013-10-31,78.120003,83.629997,77.32,82.709999,1366200,41.355
2013-10-30,78.620003,79.68,77.470001,78.160004,700800,39.080002
2013-10-29,79.220001,79.50,78.669998,78.870003,419800,39.435001
2013-10-28,79.620003,79.660004,78.910004,79.110001,227200,39.555
2013-10-25,79.290001,79.400002,78.68,79.379997,333400,39.689999
2013-10-24,78.57,79.209999,78.00,78.889999,720000,39.445
2013-10-23,78.150002,78.190002,77.410004,78.010002,538600,39.005001
2013-10-22,76.07,78.50,76.07,78.269997,544800,39.134998
2013-10-21,75.660004,76.18,75.300003,76.00,264800,38.00
2013-10-18,74.870003,75.709999,74.870003,75.480003,238600,37.740002
2013-10-17,73.639999,75.010002,73.639999,74.800003,602800,37.400002
2013-10-16,72.900002,74.669998,72.900002,73.919998,497400,36.959999
2013-10-15,73.199997,73.519997,72.709999,72.790001,522400,36.395
2013-10-14,72.980003,73.769997,72.760002,73.529999,880400,36.764999
2013-10-11,73.50,74.010002,72.910004,73.529999,1320000,36.764999
2013-10-10,72.540001,73.779999,71.389999,73.400002,935000,36.700001
2013-10-09,72.370003,72.879997,71.620003,71.889999,880400,35.945
2013-10-08,73.900002,74.080002,72.370003,72.489998,1037000,36.244999
2013-10-07,74.82,75.230003,73.910004,74.010002,711800,37.005001
2013-10-04,75.129997,75.440002,74.459999,75.150002,416400,37.575001
2013-10-03,75.860001,76.25,75.00,75.25,850000,37.625
2013-10-02,76.739998,76.949997,76.019997,76.239998,454000,38.119999
2013-10-01,78.519997,78.519997,76.589996,77.089996,922000,38.544998
2013-09-30,77.589996,78.150002,77.00,78.120003,685400,39.060001
2013-09-27,76.510002,78.599998,76.510002,77.760002,493600,38.880001
2013-09-26,74.019997,77.110001,73.790001,77.050003,873600,38.525002
2013-09-25,73.169998,74.510002,73.160004,73.790001,1010800,36.895
2013-09-24,73.18,73.68,72.720001,73.230003,576200,36.615002
2013-09-23,74.379997,74.519997,73.269997,73.339996,724800,36.669998
2013-09-20,74.809998,75.57,74.239998,74.639999,1123400,37.32
2013-09-19,74.279999,75.300003,73.900002,74.800003,512600,37.400002
2013-09-18,73.650002,74.150002,72.68,73.940002,598600,36.970001
2013-09-17,72.669998,73.709999,72.650002,73.550003,352800,36.775002
2013-09-16,72.660004,73.190002,72.510002,72.620003,339600,36.310001
2013-09-13,71.919998,72.059998,71.480003,71.809998,326400,35.904999
2013-09-12,72.080002,72.290001,71.550003,71.849998,504600,35.924999
2013-09-11,71.309998,72.160004,71.309998,72.089996,488200,36.044998
2013-09-10,72.040001,72.489998,71.360001,71.480003,414600,35.740002
2013-09-09,71.360001,72.029999,71.040001,71.650002,446400,35.825001
2013-09-06,71.00,71.860001,70.290001,71.029999,579400,35.514999
2013-09-05,70.730003,71.839996,70.730003,71.019997,568400,35.509998
2013-09-04,70.910004,71.459999,70.339996,70.830002,594000,35.415001
2013-09-03,71.879997,72.760002,70.760002,71.010002,653400,35.505001
2013-08-30,71.559998,71.889999,70.57,71.169998,856000,35.584999
2013-08-29,71.50,72.220001,70.910004,71.529999,602600,35.764999
2013-08-28,71.330002,71.849998,70.830002,71.529999,548200,35.764999
2013-08-27,72.940002,72.940002,71.349998,71.43,659000,35.715
2013-08-26,73.080002,74.230003,73.07,73.489998,499800,36.744999
2013-08-23,73.00,73.239998,72.610001,73.07,802200,36.535
2013-08-22,72.599998,73.489998,72.209999,72.959999,496800,36.48
2013-08-21,72.639999,73.199997,72.220001,72.440002,872600,36.220001
2013-08-20,73.040001,73.480003,72.75,72.82,591000,36.41
2013-08-19,72.620003,73.440002,72.510002,72.900002,476600,36.450001
2013-08-16,72.709999,73.75,72.669998,72.730003,703600,36.365002
2013-08-15,74.519997,74.519997,72.800003,72.839996,686200,36.419998
2013-08-14,75.75,75.75,74.870003,74.910004,828400,37.455002
2013-08-13,74.800003,75.769997,74.610001,75.660004,451800,37.830002
2013-08-12,74.879997,75.370003,74.50,74.839996,791400,37.419998
2013-08-09,74.739998,75.529999,74.620003,75.029999,727200,37.514999
2013-08-08,75.660004,76.220001,75.139999,75.139999,811800,37.57
2013-08-07,74.50,75.699997,74.50,75.419998,501800,37.709999
2013-08-06,74.989998,75.650002,74.949997,75.07,494800,37.535
2013-08-05,74.57,75.949997,74.57,75.230003,471800,37.615002
2013-08-02,74.349998,74.980003,73.879997,74.830002,754200,37.415001
2013-08-01,72.75,74.720001,72.75,74.32,896400,37.16
2013-07-31,74.269997,74.269997,72.00,72.660004,1432000,36.330002
2013-07-30,76.150002,76.150002,73.209999,73.68,1252600,36.84
2013-07-29,77.400002,77.610001,76.760002,76.870003,750400,38.435001
2013-07-26,76.989998,77.949997,76.82,77.379997,550400,38.689999
2013-07-25,77.139999,77.989998,76.82,77.589996,675800,38.794998
2013-07-24,77.730003,77.910004,76.470001,76.959999,510000,38.48
2013-07-23,76.639999,77.540001,76.410004,77.279999,603400,38.639999
2013-07-22,76.669998,76.93,76.07,76.419998,578000,38.209999
2013-07-19,76.339996,77.470001,75.940002,76.209999,826000,38.105
2013-07-18,76.989998,77.559998,76.790001,77.339996,670200,38.669998
2013-07-17,76.129997,77.050003,76.089996,76.730003,502000,38.365002
2013-07-16,76.410004,77.169998,76.18,76.230003,567800,38.115002
2013-07-15,76.919998,76.959999,76.239998,76.239998,816000,38.119999
2013-07-12,75.699997,76.660004,75.230003,76.639999,1115600,38.32
2013-07-11,75.339996,76.25,75.269997,75.910004,727200,37.955002
2013-07-10,73.82,74.459999,73.489998,74.43,799800,37.215
2013-07-09,74.879997,75.129997,73.650002,73.699997,1121400,36.849998
2013-07-08,73.830002,74.32,73.559998,74.059998,822400,37.029999
2013-07-05,73.889999,73.889999,73.07,73.330002,610200,36.665001
2013-07-03,70.910004,73.010002,70.449997,72.879997,730000,36.439999
2013-07-02,70.449997,71.220001,70.00,71.18,811800,35.59
2013-07-01,70.660004,70.830002,69.989998,70.260002,920200,35.130001
2013-06-28,68.519997,69.959999,68.199997,69.769997,1359200,34.884998
2013-06-27,68.010002,68.959999,68.010002,68.540001,603200,34.27
2013-06-26,67.919998,68.110001,67.379997,67.93,408600,33.965
2013-06-25,68.18,68.18,67.349998,67.379997,793400,33.689999
2013-06-24,66.860001,68.040001,66.410004,67.720001,1638600,33.860001
2013-06-21,67.519997,68.129997,66.629997,67.480003,1157400,33.740002
2013-06-20,68.00,68.050003,66.739998,67.160004,1444200,33.580002
2013-06-19,69.730003,70.120003,68.559998,68.650002,1342800,34.325001
2013-06-18,69.43,70.410004,69.349998,70.010002,1315800,35.005001
2013-06-17,68.260002,69.370003,68.260002,69.050003,1902200,34.525002
2013-06-14,67.629997,68.379997,67.220001,68.190002,2456600,34.095001
2013-06-13,65.080002,67.599998,65.00,67.309998,2050600,33.654999
2013-06-12,65.279999,65.900002,64.739998,65.239998,729200,32.619999
2013-06-11,65.629997,65.970001,64.599998,65.68,1311400,32.84
2013-06-10,68.110001,68.150002,65.889999,66.019997,528600,33.009998
2013-06-07,67.290001,68.360001,67.010002,68.019997,1444400,34.009998
2013-06-06,67.510002,67.660004,66.00,67.129997,1168600,33.564999
2013-06-05,69.389999,69.550003,66.639999,67.540001,1223800,33.77
2013-06-04,69.580002,70.489998,69.25,69.449997,735200,34.724998
2013-06-03,70.379997,70.379997,69.389999,69.839996,1061800,34.919998
2013-05-31,70.010002,70.830002,69.75,69.970001,1296400,34.985001
2013-05-30,70.00,71.080002,69.82,70.32,733400,35.16
2013-05-29,70.559998,70.699997,69.730003,70.010002,817200,35.005001
2013-05-28,70.610001,71.089996,70.610001,70.940002,943800,35.470001
2013-05-24,70.160004,70.559998,69.639999,70.059998,713600,35.029999
2013-05-23,69.860001,70.650002,69.389999,70.389999,1100600,35.195
2013-05-22,70.190002,70.93,69.82,70.269997,1038800,35.134998
2013-05-21,69.720001,70.93,69.540001,70.660004,1353800,35.330002
2013-05-20,69.650002,70.669998,69.580002,69.709999,1293800,34.855
2013-05-17,70.690002,70.690002,69.650002,69.889999,465800,34.945
2013-05-16,70.610001,70.870003,69.949997,70.220001,2569200,35.110001
2013-05-15,70.589996,71.050003,70.379997,70.720001,1074200,35.360001
2013-05-14,70.019997,70.75,69.989998,70.57,627200,35.285
2013-05-13,70.790001,70.900002,69.760002,69.860001,553800,34.93
2013-05-10,70.290001,71.099998,70.290001,71.029999,579400,35.514999
2013-05-09,69.650002,70.709999,69.57,70.400002,1178600,35.200001
2013-05-08,70.32,70.470001,69.519997,69.82,1113600,34.91
2013-05-07,68.510002,70.709999,68.510002,70.470001,1439200,35.235001
2013-05-06,71.330002,71.43,71.07,71.25,527800,35.625
2013-05-03,72.330002,72.489998,71.580002,71.599998,462000,35.799999
2013-05-02,70.529999,72.110001,70.510002,71.860001,844400,35.93
2013-05-01,71.199997,71.199997,70.510002,70.559998,654200,35.279999
2013-04-30,70.970001,71.690002,70.809998,70.889999,1531800,35.445
2013-04-29,71.099998,71.099998,70.599998,70.870003,735400,35.435001
2013-04-26,70.93,71.389999,70.769997,70.779999,767200,35.389999
2013-04-25,71.360001,71.540001,70.550003,71.290001,1053600,35.645
2013-04-24,70.900002,71.18,70.650002,70.82,777200,35.41
2013-04-23,71.099998,71.269997,69.93,70.910004,1121000,35.455002
2013-04-22,70.93,71.00,70.449997,70.900002,889000,35.450001
2013-04-19,70.25,71.059998,69.75,71.010002,1080400,35.505001
2013-04-18,71.360001,71.360001,69.470001,70.00,1099600,35.00
2013-04-17,71.040001,71.309998,70.080002,71.080002,1696800,35.540001
2013-04-16,71.769997,71.800003,70.910004,71.25,1205400,35.625
2013-04-15,72.910004,73.290001,70.959999,71.099998,1022800,35.549999
2013-04-12,72.620003,73.660004,72.620003,73.480003,781800,36.740002
2013-04-11,72.830002,73.830002,72.830002,73.080002,954400,36.540001
2013-04-10,71.580002,72.800003,70.870003,72.769997,1181000,36.384998
2013-04-09,70.540001,71.019997,70.150002,70.68,1172000,35.34
2013-04-08,69.739998,70.669998,69.739998,70.550003,1311400,35.275002
2013-04-05,68.599998,70.040001,68.029999,69.989998,1611000,34.994999
2013-04-04,69.529999,69.93,69.040001,69.720001,698200,34.860001
2013-04-03,69.889999,70.050003,69.25,69.830002,832600,34.915001
2013-04-02,69.720001,70.440002,69.720001,70.019997,1846600,35.009998
2013-04-01,69.800003,70.089996,69.639999,69.970001,3078800,34.985001
2013-03-28,69.720001,70.059998,69.419998,69.540001,1328600,34.77
2013-03-27,69.510002,69.650002,68.669998,69.480003,1223600,34.740002
2013-03-26,70.00,70.00,69.440002,69.760002,1762400,34.880001
2013-03-25,70.260002,70.809998,69.080002,69.589996,1677600,34.794998
2013-03-22,69.940002,70.010002,69.50,69.919998,1191000,34.959999
2013-03-21,70.07,70.650002,69.43,69.760002,1098600,34.880001
2013-03-20,70.00,70.68,69.980003,70.50,1253200,35.25
2013-03-19,69.57,69.93,68.860001,69.690002,622400,34.845001
2013-03-18,68.50,69.589996,67.889999,69.470001,1184600,34.735001
2013-03-15,70.519997,70.519997,69.32,69.339996,910600,34.669998
2013-03-14,70.029999,70.860001,70.00,70.599998,945000,35.299999
2013-03-13,69.809998,70.209999,69.629997,70.080002,786600,35.040001
2013-03-12,70.00,70.339996,69.419998,69.919998,505200,34.959999
2013-03-11,70.00,70.32,69.519997,70.099998,730200,35.049999
2013-03-08,69.75,70.849998,69.25,69.989998,2092600,34.994999
2013-03-07,67.010002,69.709999,66.989998,69.50,8115800,34.75
2013-03-06,66.800003,68.510002,65.910004,66.480003,1928600,33.240002
2013-03-05,67.110001,68.139999,66.849998,68.089996,1067200,34.044998
2013-03-04,66.160004,66.739998,65.839996,66.660004,1033800,33.330002
2013-03-01,63.779999,66.309998,63.779999,66.169998,1066000,33.084999
2013-02-28,64.559998,65.050003,64.400002,64.50,1613800,32.25
2013-02-27,63.00,65.199997,63.00,64.849998,1311800,32.424999
2013-02-26,63.029999,63.630001,62.779999,63.189999,949000,31.594999
2013-02-25,63.009998,63.439999,62.619999,62.990002,1209600,31.495001
2013-02-22,61.779999,63.049999,61.48,63.00,406600,31.50
2013-02-21,61.91,62.049999,60.939999,61.619999,461400,30.809999
2013-02-20,63.299999,63.509998,62.099998,62.220001,524200,31.110001
2013-02-19,62.84,63.259998,62.66,63.02,563400,31.51
2013-02-15,63.259998,64.010002,62.240002,63.009998,934800,31.504999
2013-02-14,63.779999,64.18,61.50,63.759998,996600,31.879999
2013-02-13,64.50,64.830002,64.199997,64.309998,1276400,32.154999
2013-02-12,64.639999,64.639999,63.990002,64.220001,584800,32.110001
2013-02-11,64.730003,64.980003,63.880001,64.309998,743200,32.154999
2013-02-08,64.529999,64.940002,64.410004,64.599998,875600,32.299999
2013-02-07,63.810001,64.330002,63.09,64.330002,578600,32.165001
2013-02-06,63.84,63.84,63.459999,63.669998,806000,31.834999
2013-02-05,63.790001,64.050003,63.509998,63.959999,592400,31.98
2013-02-04,63.57,64.150002,63.200001,63.709999,603600,31.855
2013-02-01,63.919998,64.43,63.900002,64.190002,789200,32.095001
2013-01-31,62.93,63.869999,62.650002,63.709999,1226000,31.855
2013-01-30,62.939999,63.529999,62.91,63.290001,576000,31.645
2013-01-29,62.720001,63.32,61.970001,63.110001,671600,31.555
2013-01-28,63.009998,63.259998,62.560001,63.009998,701000,31.504999
2013-01-25,62.75,62.889999,62.119999,62.799999,861600,31.40
2013-01-24,61.759998,62.939999,61.759998,62.200001,628000,31.10
2013-01-23,61.509998,61.970001,61.509998,61.790001,727600,30.895
2013-01-22,61.580002,61.93,61.57,61.799999,446200,30.90
2013-01-18,61.880001,62.240002,61.689999,61.860001,513400,30.93
2013-01-17,61.759998,62.169998,61.549999,61.990002,815400,30.995001
2013-01-16,61.43,61.689999,61.189999,61.59,463000,30.795
2013-01-15,61.540001,61.75,61.09,61.52,1195200,30.76
2013-01-14,62.029999,62.16,61.290001,61.790001,387800,30.895
2013-01-11,61.720001,62.299999,61.52,62.09,679000,31.045
2013-01-10,62.16,62.240002,61.400002,61.66,403200,30.83
2013-01-09,61.869999,62.459999,61.360001,61.919998,463600,30.959999
2013-01-08,60.349998,62.049999,59.779999,61.970001,1201600,30.985001
2013-01-07,60.77,60.77,60.130001,60.209999,511800,30.105
2013-01-04,60.240002,60.900002,60.240002,60.740002,470600,30.370001
2013-01-03,60.34,60.549999,59.860001,60.330002,304000,30.165001
2013-01-02,60.029999,61.419998,59.560001,60.16,974800,30.08
2012-12-31,57.119999,58.639999,57.02,58.50,476600,29.25
2012-12-28,57.25,57.709999,56.889999,57.119999,386400,28.559999
2012-12-27,57.860001,58.630001,56.709999,57.50,493000,28.75
2012-12-26,58.119999,58.669998,57.610001,58.009998,288800,29.004999
2012-12-24,58.349998,58.540001,57.889999,58.27,329000,29.135
2012-12-21,57.450001,58.540001,57.299999,58.290001,1201600,29.145
2012-12-20,58.50,59.880001,58.07,58.509998,1814200,29.254999
2012-12-19,58.990002,58.990002,58.16,58.459999,1252200,29.23
2012-12-18,57.84,59.48,57.25,58.869999,1702800,29.434999
2012-12-17,56.790001,57.860001,56.52,57.470001,2209600,28.735001
2012-12-14,55.59,56.830002,55.59,56.330002,2068000,28.165001
2012-12-13,57.00,57.669998,56.029999,56.080002,1341400,28.040001
2012-12-12,57.75,58.049999,56.990002,57.330002,1012200,28.665001
2012-12-11,56.139999,57.349998,56.139999,57.279999,888400,28.639999
2012-12-10,56.849998,56.860001,55.98,56.049999,1365400,28.025
2012-12-07,57.77,57.950001,56.740002,56.860001,901000,28.43
2012-12-06,57.23,57.540001,56.470001,57.48,1014200,28.74
2012-12-05,56.43,58.27,55.279999,57.040001,1794600,28.52
2012-12-04,55.599998,56.43,55.349998,56.099998,1048600,28.049999
2012-12-03,56.34,56.639999,55.82,55.849998,477800,27.924999
2012-11-30,55.880001,56.549999,55.77,56.279999,2309000,28.139999
2012-11-29,55.18,55.959999,53.029999,55.790001,521400,27.895
2012-11-28,53.52,55.169998,53.349998,55.060001,510800,27.530001
2012-11-27,53.77,54.73,53.77,54.049999,444600,27.025
2012-11-26,54.299999,54.349998,53.66,54.130001,620200,27.065001
2012-11-23,53.68,54.27,53.220001,54.189999,297200,27.094999
2012-11-21,53.34,53.810001,53.139999,53.48,410800,26.74
2012-11-20,52.860001,53.990002,52.860001,53.540001,554400,26.77
2012-11-19,51.59,53.150002,51.380001,53.049999,707000,26.525
2012-11-16,51.439999,51.84,51.060001,51.360001,542800,25.68
2012-11-15,50.84,51.900002,50.73,51.439999,993600,25.719999
2012-11-14,52.889999,52.93,51.209999,51.279999,551000,25.639999
2012-11-13,51.52,53.389999,51.52,52.740002,829000,26.370001
2012-11-12,52.73,52.73,51.689999,51.900002,214400,25.950001
2012-11-09,51.330002,52.860001,51.330002,52.549999,389000,26.275
2012-11-08,52.310001,52.68,51.560001,51.66,726800,25.83
2012-11-07,52.630001,52.82,51.810001,52.419998,457600,26.209999
2012-11-06,54.110001,54.110001,51.75,53.09,749400,26.545
2012-11-05,55.169998,55.189999,54.009998,54.580002,546600,27.290001
2012-11-02,56.52,56.639999,55.139999,55.16,413000,27.58
2012-11-01,54.75,56.59,54.75,56.400002,1185600,28.200001
2012-10-31,54.279999,54.810001,53.73,54.779999,632000,27.389999
2012-10-26,54.50,54.75,53.52,53.75,1079000,26.875
2012-10-25,55.25,55.68,54.509998,54.599998,518400,27.299999
2012-10-24,55.950001,55.950001,54.84,54.950001,530800,27.475
2012-10-23,56.32,56.32,55.43,55.709999,333200,27.855
2012-10-22,56.400002,56.700001,56.09,56.610001,299400,28.305
2012-10-19,57.119999,57.57,56.00,56.16,338200,28.08
2012-10-18,57.00,57.68,56.669998,57.439999,234400,28.719999
2012-10-17,57.779999,58.139999,56.970001,57.080002,655800,28.540001
2012-10-16,57.639999,58.290001,57.450001,57.73,364200,28.865
2012-10-15,56.73,57.50,56.619999,57.470001,475400,28.735001
2012-10-12,56.93,57.009998,56.57,56.709999,626800,28.355
2012-10-11,56.75,57.049999,56.400002,56.610001,514400,28.305
2012-10-10,55.919998,56.16,55.48,56.130001,750800,28.065001
2012-10-09,56.619999,56.619999,55.68,55.68,718800,27.84
2012-10-08,57.110001,57.23,56.200001,56.48,1113600,28.24
2012-10-05,57.290001,57.529999,57.029999,57.27,748800,28.635
2012-10-04,56.66,57.130001,56.560001,57.080002,748800,28.540001
2012-10-03,56.07,56.68,56.07,56.369999,772400,28.184999
2012-10-02,56.419998,56.799999,55.93,56.009998,789200,28.004999
2012-10-01,56.25,56.919998,56.18,56.330002,659800,28.165001
2012-09-28,55.459999,56.34,55.389999,56.040001,818800,28.02
2012-09-27,54.900002,55.91,54.689999,55.790001,734000,27.895
2012-09-26,54.84,55.09,54.189999,54.740002,681200,27.370001
2012-09-25,55.040001,55.700001,54.439999,54.509998,821600,27.254999
2012-09-24,55.619999,55.950001,55.119999,55.18,1152200,27.59
2012-09-21,55.580002,56.48,55.52,55.700001,1165800,27.85
2012-09-20,55.630001,55.959999,55.32,55.619999,666600,27.809999
2012-09-19,54.700001,56.02,54.52,55.630001,540600,27.815001
2012-09-18,54.400002,54.970001,54.240002,54.68,539400,27.34
2012-09-17,54.549999,54.68,53.860001,54.459999,612800,27.23
2012-09-14,54.099998,54.759998,53.91,54.439999,1140800,27.219999
2012-09-13,52.549999,54.450001,52.549999,54.02,1047000,27.01
2012-09-12,52.349998,52.490002,52.080002,52.450001,1180000,26.225
2012-09-11,52.380001,52.380001,51.860001,51.919998,1157000,25.959999
2012-09-10,52.509998,52.560001,52.16,52.200001,1036200,26.10
2012-09-07,52.32,52.52,52.09,52.470001,1253600,26.235001
2012-09-06,51.959999,52.73,51.959999,52.259998,1445600,26.129999
2012-09-05,51.970001,52.459999,51.66,51.740002,696400,25.870001
2012-09-04,51.650002,52.299999,51.59,52.07,513200,26.035
2012-08-31,51.130001,52.110001,51.130001,51.810001,1673400,25.905001
2012-08-30,50.189999,51.59,50.189999,51.040001,808800,25.52
2012-08-29,50.389999,50.84,50.389999,50.619999,536200,25.309999
2012-08-28,50.400002,50.84,50.299999,50.380001,493600,25.190001
2012-08-27,50.169998,50.889999,50.169998,50.630001,390000,25.315001
2012-08-24,48.709999,50.400002,48.490002,50.099998,636000,25.049999
2012-08-23,49.380001,49.380001,48.759998,48.860001,782600,24.43
2012-08-22,49.650002,49.799999,49.27,49.369999,984200,24.684999
2012-08-21,49.290001,49.639999,49.240002,49.57,725000,24.785
2012-08-20,49.799999,49.919998,49.139999,49.259998,658200,24.629999
2012-08-17,50.16,50.169998,49.509998,49.709999,591800,24.855
2012-08-16,50.18,50.330002,49.790001,50.080002,707200,25.040001
2012-08-15,50.139999,50.560001,49.689999,50.110001,574600,25.055
2012-08-14,51.27,51.380001,49.869999,49.93,856800,24.965
2012-08-13,51.279999,51.400002,50.810001,51.00,464600,25.50
2012-08-10,50.68,51.459999,50.580002,51.400002,843800,25.700001
2012-08-09,50.619999,51.189999,50.599998,50.709999,1189600,25.355
2012-08-08,50.099998,50.889999,50.040001,50.610001,954800,25.305
2012-08-07,49.419998,50.790001,49.419998,50.529999,808600,25.264999
2012-08-06,48.59,49.889999,48.400002,49.52,673600,24.76
2012-08-03,47.529999,48.810001,47.400002,48.580002,790800,24.290001
2012-08-02,45.73,47.080002,45.48,47.029999,1058400,23.514999
2012-08-01,46.799999,46.799999,45.50,45.98,1442200,22.99
2012-07-31,46.450001,47.540001,45.41,46.619999,1172800,23.309999
2012-07-30,48.18,48.59,46.849998,47.09,1348800,23.545
2012-07-27,47.439999,48.689999,47.279999,48.360001,725800,24.18
2012-07-26,46.66,47.369999,46.450001,46.98,1061200,23.49
2012-07-25,45.50,46.470001,45.50,46.040001,822000,23.02
2012-07-24,45.490002,46.02,45.27,45.490002,1061200,22.745001
2012-07-23,45.759998,45.880001,45.200001,45.669998,629600,22.834999
2012-07-20,46.360001,46.970001,46.27,46.330002,782200,23.165001
2012-07-19,46.290001,47.509998,46.290001,46.91,903600,23.455
2012-07-18,46.130001,46.389999,46.049999,46.27,809800,23.135
2012-07-17,45.529999,46.57,45.349998,46.299999,1361200,23.15
2012-07-16,46.220001,46.34,45.209999,45.27,1480400,22.635
2012-07-13,45.830002,46.610001,45.580002,46.419998,1245800,23.209999
2012-07-12,46.139999,46.259998,44.68,46.119999,2301600,23.059999
2012-07-11,46.639999,46.84,45.68,46.27,1572400,23.135
2012-07-10,48.279999,48.720001,46.330002,46.490002,1111600,23.245001
2012-07-09,49.560001,49.639999,47.779999,47.849998,1234200,23.924999
2012-07-06,50.080002,50.560001,49.259998,49.560001,738600,24.780001
2012-07-05,50.860001,51.130001,50.119999,50.369999,797800,25.184999
2012-07-03,51.25,51.599998,50.810001,51.009998,473600,25.504999
2012-07-02,49.84,51.290001,49.84,51.040001,1183600,25.52
2012-06-29,50.029999,50.419998,49.759998,50.09,1337400,25.045
2012-06-28,49.369999,49.560001,48.549999,49.330002,612000,24.665001
2012-06-27,49.369999,50.25,49.360001,49.580002,1077200,24.790001
2012-06-26,49.200001,50.189999,49.080002,49.290001,1064600,24.645
2012-06-25,48.91,49.580002,48.52,49.259998,1188000,24.629999
2012-06-22,49.549999,49.98,49.52,49.57,1529200,24.785
2012-06-21,49.759998,50.16,49.25,49.52,1615000,24.76
2012-06-20,48.59,49.91,48.59,49.720001,1211000,24.860001
2012-06-19,48.349998,49.049999,48.349998,48.84,937400,24.42
2012-06-18,47.360001,48.32,47.139999,48.189999,779200,24.094999
2012-06-15,47.150002,47.639999,47.029999,47.57,1129800,23.785
2012-06-14,46.869999,47.380001,46.639999,46.970001,1255600,23.485001
2012-06-13,48.02,48.34,46.709999,46.810001,936800,23.405001
2012-06-12,47.639999,48.529999,47.639999,48.400002,803200,24.200001
2012-06-11,47.68,48.299999,47.68,47.700001,731000,23.85
2012-06-08,46.900002,47.66,46.810001,47.599998,996800,23.799999
2012-06-07,46.950001,47.540001,46.93,47.209999,943400,23.605
2012-06-06,46.02,46.889999,45.790001,46.59,874200,23.295
2012-06-05,44.700001,45.740002,44.619999,45.650002,971200,22.825001
2012-06-04,45.380001,45.669998,44.689999,44.98,1211200,22.49
2012-06-01,46.400002,46.560001,45.150002,45.200001,1236200,22.60
2012-05-31,46.669998,47.09,46.110001,46.59,2251200,23.295
2012-05-30,47.110001,47.240002,46.610001,46.759998,840400,23.379999
2012-05-29,47.240002,47.790001,47.049999,47.389999,1106400,23.695
2012-05-25,46.130001,47.119999,46.080002,47.029999,862200,23.514999
2012-05-24,46.52,46.959999,46.150002,46.380001,1371600,23.190001
2012-05-23,45.740002,46.200001,44.959999,46.150002,1266000,23.075001
2012-05-22,45.459999,46.41,45.349998,45.889999,1522400,22.945
2012-05-21,44.07,45.639999,44.049999,45.580002,1178800,22.790001
2012-05-18,44.630001,45.00,43.919998,44.049999,1050000,22.025
2012-05-17,47.139999,47.23,44.580002,44.630001,2266800,22.315001
2012-05-16,46.939999,47.57,46.93,47.259998,1066800,23.629999
2012-05-15,46.84,47.549999,46.650002,46.93,1137200,23.465
2012-05-14,47.150002,47.470001,46.740002,46.810001,1227400,23.405001
2012-05-11,46.939999,47.619999,46.630001,47.509998,1627800,23.754999
2012-05-10,47.41,47.77,46.939999,46.959999,1122000,23.48
2012-05-09,46.830002,47.400002,45.889999,47.220001,1519800,23.610001
2012-05-08,49.00,49.00,46.200001,47.16,1381600,23.58
2012-05-07,49.259998,49.950001,48.98,49.360001,933000,24.68
2012-05-04,50.490002,50.490002,49.200001,49.259998,907800,24.629999
2012-05-03,49.799999,50.66,49.799999,50.450001,971200,25.225
2012-05-02,49.389999,50.200001,49.27,49.869999,883800,24.934999
2012-05-01,49.790001,50.25,49.310001,49.400002,1220400,24.700001
2012-04-30,50.290001,50.400002,49.669998,49.689999,1011600,24.844999
2012-04-27,49.360001,50.709999,49.169998,50.389999,722800,25.195
2012-04-26,48.349998,49.209999,48.310001,49.049999,1212600,24.525
2012-04-25,48.34,48.48,48.049999,48.330002,689000,24.165001
2012-04-24,47.59,48.220001,47.59,47.900002,569200,23.950001
2012-04-23,47.82,47.82,47.099998,47.529999,787600,23.764999
2012-04-20,47.959999,48.27,47.740002,48.189999,815200,24.094999
2012-04-19,47.98,48.27,47.689999,47.799999,861600,23.90
2012-04-18,47.919998,48.349998,47.529999,48.119999,1085600,24.059999
2012-04-17,48.060001,48.290001,47.860001,48.040001,933400,24.02
2012-04-16,48.25,48.52,47.610001,47.779999,1020800,23.889999
2012-04-13,48.169998,48.490002,48.119999,48.220001,1033200,24.110001
2012-04-12,47.490002,48.380001,47.490002,48.189999,705600,24.094999
2012-04-11,47.099998,47.77,47.099998,47.599998,619200,23.799999
2012-04-10,47.43,47.82,46.619999,46.759998,575200,23.379999
2012-04-09,47.139999,47.860001,47.00,47.639999,521800,23.82
2012-04-05,47.419998,48.310001,47.389999,47.950001,1532800,23.975
2012-04-04,46.900002,47.68,46.380001,47.639999,732600,23.82
2012-04-03,47.040001,47.669998,46.959999,47.450001,729600,23.725
2012-04-02,46.98,47.400002,46.740002,47.290001,1569400,23.645
2012-03-30,46.279999,47.619999,46.279999,46.880001,1798600,23.440001
2012-03-29,45.869999,46.209999,45.48,45.959999,746000,22.98
2012-03-28,46.049999,46.240002,45.810001,45.91,839600,22.955
2012-03-27,46.279999,46.549999,46.099998,46.150002,1198600,23.075001
2012-03-26,46.720001,46.93,46.34,46.400002,621400,23.200001
2012-03-23,45.919998,46.57,45.580002,46.41,794400,23.205
2012-03-22,45.669998,46.060001,45.389999,45.849998,870600,22.924999
2012-03-21,44.799999,46.18,44.529999,45.889999,1068200,22.945
2012-03-20,45.150002,45.23,44.580002,44.700001,588400,22.35
2012-03-19,45.00,45.599998,45.00,45.459999,689400,22.73
2012-03-16,44.75,45.299999,44.189999,45.189999,663000,22.594999
2012-03-15,44.630001,45.279999,44.099998,44.66,734600,22.33
2012-03-14,45.099998,45.66,44.419998,44.57,1058400,22.285
2012-03-13,43.810001,45.48,43.799999,45.23,833200,22.615
2012-03-12,44.009998,44.330002,43.330002,43.689999,871600,21.844999
2012-03-09,44.290001,44.619999,44.040001,44.07,613200,22.035
2012-03-08,43.68,44.32,43.57,44.27,1208200,22.135
2012-03-07,43.43,43.66,43.169998,43.32,938600,21.66
2012-03-06,44.169998,44.66,43.330002,43.380001,1598400,21.690001
2012-03-05,44.200001,44.900002,44.09,44.540001,1434800,22.27
2012-03-02,43.290001,44.490002,43.290001,44.299999,1077200,22.15
2012-03-01,43.369999,43.610001,42.93,43.400002,1315000,21.700001
2012-02-29,42.349998,43.66,42.349998,43.459999,2360600,21.73
2012-02-28,41.419998,42.700001,41.009998,42.549999,1283000,21.275
2012-02-27,41.040001,41.529999,40.939999,41.299999,567400,20.65
2012-02-24,41.02,41.380001,40.75,41.139999,670600,20.57
2012-02-23,40.68,41.00,40.650002,40.849998,738000,20.424999
2012-02-22,41.040001,41.060001,40.610001,40.779999,965800,20.389999
2012-02-21,41.459999,41.630001,40.98,41.02,1001600,20.51
2012-02-17,41.139999,41.73,40.150002,41.529999,1107800,20.764999
2012-02-16,41.529999,42.060001,40.709999,41.23,1400800,20.615
2012-02-15,41.790001,41.849998,41.439999,41.52,776200,20.76
2012-02-14,41.169998,41.509998,40.880001,41.459999,895600,20.73
2012-02-13,41.220001,41.549999,40.68,41.360001,1457600,20.68
2012-02-10,40.380001,41.07,40.380001,41.040001,1207600,20.52
2012-02-09,40.75,41.09,40.369999,40.75,1113800,20.375
2012-02-08,40.630001,40.98,40.470001,40.84,1106200,20.42
2012-02-07,39.77,40.82,39.48,40.560001,1028200,20.280001
2012-02-06,39.16,39.810001,39.040001,39.779999,1346800,19.889999
2012-02-03,39.119999,39.509998,39.119999,39.34,3353800,19.67
2012-02-02,39.369999,39.369999,38.810001,38.950001,1753000,19.475
2012-02-01,39.189999,39.540001,38.93,39.259998,1321200,19.629999
2012-01-31,39.00,39.380001,38.799999,38.849998,538600,19.424999
2012-01-30,38.939999,39.00,38.52,38.93,483600,19.465
2012-01-27,39.580002,39.860001,39.18,39.189999,690400,19.594999
2012-01-26,40.34,40.369999,39.759998,39.869999,617200,19.934999
2012-01-25,39.759998,40.200001,39.759998,40.029999,670600,20.014999
2012-01-24,39.630001,40.00,39.470001,39.869999,418200,19.934999
2012-01-23,39.959999,40.310001,39.619999,39.77,519400,19.885
2012-01-20,40.740002,40.740002,39.860001,39.98,865600,19.99
2012-01-19,39.970001,40.959999,39.889999,40.669998,1183200,20.334999
2012-01-18,39.50,40.060001,39.330002,39.959999,759800,19.98
2012-01-17,39.759998,40.380001,39.75,39.84,1147400,19.92
2012-01-13,39.00,39.619999,38.959999,39.619999,2257000,19.809999
2012-01-12,38.650002,39.43,38.540001,39.380001,788600,19.690001
2012-01-11,38.040001,38.68,37.75,38.580002,844200,19.290001
2012-01-10,37.630001,38.16,37.630001,38.139999,924200,19.07
2012-01-09,37.34,37.650002,37.200001,37.459999,866600,18.73
2012-01-06,37.240002,37.439999,36.919998,37.32,1320200,18.66
2012-01-05,37.200001,37.389999,36.869999,37.139999,1226000,18.57
2012-01-04,37.650002,37.889999,37.110001,37.50,691000,18.75
2012-01-03,38.130001,38.630001,37.779999,37.799999,636000,18.90
2011-12-30,37.630001,37.970001,37.459999,37.700001,650200,18.85
2011-12-29,37.549999,37.810001,37.27,37.48,1217000,18.74
2011-12-28,37.18,37.91,37.16,37.580002,1398400,18.790001
2011-12-27,37.119999,37.389999,36.889999,37.25,976400,18.625
2011-12-23,36.73,37.330002,36.73,37.18,874000,18.59
2011-12-22,37.049999,37.209999,36.709999,36.900002,676600,18.450001
2011-12-21,37.119999,37.299999,35.549999,36.939999,802000,18.469999
2011-12-20,36.779999,37.34,36.419998,37.07,1205000,18.535
2011-12-19,36.740002,36.98,35.720001,36.18,972800,18.09
2011-12-16,36.939999,37.16,36.299999,36.450001,1064200,18.225
2011-12-15,37.150002,37.509998,36.790001,36.810001,937800,18.405001
2011-12-14,37.540001,37.650002,36.830002,36.900002,770000,18.450001
2011-12-13,37.990002,38.34,37.50,37.700001,730800,18.85
2011-12-12,37.700001,37.900002,37.18,37.779999,532600,18.889999
2011-12-09,37.34,38.139999,37.189999,37.950001,631400,18.975
2011-12-08,37.700001,37.709999,36.02,37.380001,430200,18.690001
2011-12-07,37.759998,38.200001,37.34,38.00,615200,19.00
2011-12-06,37.93,38.200001,37.509998,38.040001,845400,19.02
2011-12-05,38.48,38.68,37.66,37.889999,1056600,18.945
2011-12-02,37.66,38.360001,37.66,38.16,713600,19.08
2011-12-01,37.700001,38.029999,37.439999,37.459999,577600,18.73
2011-11-30,37.139999,37.860001,37.040001,37.84,2355200,18.92
2011-11-29,36.369999,36.77,36.049999,36.41,2009600,18.205
2011-11-28,36.77,37.09,36.25,36.259998,1684600,18.129999
2011-11-25,36.00,36.619999,35.91,36.049999,477000,18.025
2011-11-23,37.18,37.18,36.189999,36.189999,1115800,18.094999
2011-11-22,36.93,37.66,36.790001,37.43,1110200,18.715
2011-11-21,37.080002,37.349998,36.560001,36.98,919600,18.49
2011-11-18,37.75,37.860001,37.48,37.50,746600,18.75
2011-11-17,38.279999,38.330002,37.380001,37.509998,659600,18.754999
2011-11-16,38.259998,38.880001,37.889999,38.400002,701200,19.200001
2011-11-15,39.049999,39.209999,38.50,38.689999,559000,19.344999
2011-11-14,39.07,39.48,38.950001,39.369999,1100200,19.684999
2011-11-11,39.009998,39.52,38.939999,39.34,934800,19.67
2011-11-10,39.27,39.560001,38.50,38.77,683200,19.385
2011-11-09,40.439999,40.490002,38.810001,38.93,735200,19.465
2011-11-08,40.889999,41.810001,40.52,41.799999,434200,20.90
2011-11-07,40.029999,40.919998,39.990002,40.790001,404800,20.395
2011-11-04,39.990002,40.419998,39.73,40.220001,420600,20.110001
2011-11-03,40.09,40.639999,39.849998,40.450001,567800,20.225
2011-11-02,39.970001,40.07,38.860001,40.049999,1171800,20.025
2011-11-01,38.130001,39.630001,37.919998,38.470001,824800,19.235001
2011-10-31,38.73,39.970001,38.73,39.57,1887000,19.785
2011-10-28,39.610001,39.720001,39.009998,39.200001,1793600,19.60
2011-10-27,40.00,40.310001,39.59,39.759998,1205800,19.879999
2011-10-26,39.880001,39.880001,39.23,39.279999,1142400,19.639999
2011-10-25,40.23,40.349998,39.77,39.790001,863000,19.895
2011-10-24,40.119999,40.93,40.119999,40.439999,657400,20.219999
2011-10-21,38.880001,40.349998,38.880001,40.18,503000,20.09
2011-10-20,38.560001,38.869999,38.369999,38.709999,579000,19.355
2011-10-19,38.720001,39.02,38.43,38.529999,989000,19.264999
2011-10-18,38.77,39.310001,38.34,38.959999,1318600,19.48
2011-10-17,39.00,39.23,37.580002,38.790001,532400,19.395
2011-10-14,38.84,39.419998,38.84,39.18,413200,19.59
2011-10-13,38.25,38.509998,37.900002,38.330002,352400,19.165001
2011-10-12,38.48,38.900002,38.139999,38.330002,657600,19.165001
2011-10-11,37.00,38.34,36.950001,37.889999,722000,18.945
2011-10-10,36.810001,37.349998,36.34,37.330002,680200,18.665001
2011-10-07,36.490002,36.73,36.00,36.130001,855600,18.065001
2011-10-06,35.709999,36.419998,35.099998,36.419998,715400,18.209999
2011-10-05,35.110001,35.599998,34.540001,35.580002,1021600,17.790001
2011-10-04,33.799999,35.099998,33.189999,34.93,1009400,17.465
2011-10-03,35.029999,35.040001,33.990002,34.130001,1343600,17.065001
2011-09-30,35.799999,36.009998,35.150002,35.150002,1164400,17.575001
2011-09-29,36.700001,37.380001,35.709999,36.099998,1165800,18.049999
2011-09-28,38.529999,38.57,36.639999,36.689999,1244200,18.344999
2011-09-27,39.470001,39.66,38.130001,38.34,1136200,19.17
2011-09-26,38.279999,38.98,37.950001,38.799999,1202400,19.40
2011-09-23,36.470001,38.59,36.470001,38.130001,1045400,19.065001
2011-09-22,37.080002,37.470001,36.099998,36.91,962600,18.455
2011-09-21,37.91,39.110001,37.830002,37.939999,1503600,18.969999
2011-09-20,37.779999,38.25,37.689999,37.950001,1343000,18.975
2011-09-19,37.02,37.77,36.799999,37.709999,1185200,18.855
2011-09-16,38.25,38.959999,37.549999,37.59,1794400,18.795
2011-09-15,37.84,38.299999,37.619999,38.209999,831200,19.105
2011-09-14,36.970001,37.869999,36.470001,37.50,955800,18.75
2011-09-13,36.16,36.75,36.00,36.580002,1120400,18.290001
2011-09-12,36.080002,36.43,35.389999,36.07,1436800,18.035
2011-09-09,36.990002,37.330002,36.369999,36.700001,1053400,18.35
2011-09-08,38.040001,38.389999,37.240002,37.450001,1416000,18.725
2011-09-07,38.32,38.50,37.889999,38.349998,1609200,19.174999
2011-09-06,37.439999,38.110001,37.029999,37.98,1582600,18.99
2011-09-02,38.48,39.02,38.310001,38.77,1192200,19.385
2011-09-01,39.43,39.740002,39.18,39.25,2707800,19.625
2011-08-31,38.77,39.650002,38.57,39.509998,2204000,19.754999
2011-08-30,37.380001,38.939999,37.380001,38.66,782800,19.33
2011-08-29,37.150002,37.830002,37.130001,37.669998,773000,18.834999
2011-08-26,35.380001,36.93,35.25,36.82,1222600,18.41
2011-08-25,35.889999,36.18,35.220001,35.669998,1234000,17.834999
2011-08-24,34.790001,35.91,34.610001,35.860001,1641800,17.93
2011-08-23,33.25,35.009998,33.200001,34.950001,2216400,17.475
2011-08-22,34.32,34.50,32.990002,33.110001,1156600,16.555
2011-08-19,33.360001,34.43,33.200001,33.700001,1478400,16.85
2011-08-18,35.349998,35.48,33.400002,33.759998,1956600,16.879999
2011-08-17,36.650002,37.18,36.009998,36.330002,903000,18.165001
2011-08-16,36.25,36.93,35.950001,36.66,1042000,18.33
2011-08-15,36.00,36.650002,35.77,36.57,786200,18.285
2011-08-12,35.380001,36.189999,35.27,35.889999,1316400,17.945
2011-08-11,33.68,35.389999,33.68,35.09,2072200,17.545
2011-08-10,33.279999,34.450001,32.84,33.52,2547000,16.76
2011-08-09,32.00,34.049999,32.00,34.040001,2992800,17.02
2011-08-08,32.919998,33.16,31.629999,31.66,3165400,15.83
2011-08-05,33.240002,34.02,32.509998,33.84,5250000,16.92
2011-08-04,33.779999,34.709999,32.799999,32.860001,3382600,16.43
2011-08-03,34.450001,34.740002,33.09,34.209999,3049400,17.105
2011-08-02,35.200001,35.490002,34.419998,34.450001,1335000,17.225
2011-08-01,36.290001,36.349998,35.080002,35.549999,1401000,17.775
2011-07-29,35.990002,36.459999,35.669998,36.029999,1006400,18.014999
2011-07-28,36.080002,36.939999,36.080002,36.50,918800,18.25
2011-07-27,36.09,36.459999,35.869999,36.150002,1069600,18.075001
2011-07-26,36.099998,36.540001,36.049999,36.279999,1460800,18.139999
2011-07-25,36.57,36.689999,36.119999,36.16,1562400,18.08
2011-07-22,36.939999,37.099998,36.73,36.91,921600,18.455
2011-07-21,36.490002,37.009998,36.490002,36.900002,1878400,18.450001
2011-07-20,36.84,36.860001,35.919998,36.259998,2043200,18.129999
2011-07-19,36.799999,37.00,36.610001,36.689999,1247000,18.344999
2011-07-18,37.299999,37.299999,36.389999,36.529999,2047200,18.264999
2011-07-15,37.639999,37.740002,37.150002,37.41,1395000,18.705
2011-07-14,37.830002,37.830002,37.259998,37.529999,1627600,18.764999
2011-07-13,37.779999,38.09,37.52,37.669998,1406200,18.834999
2011-07-12,37.290001,38.07,37.290001,37.73,1394400,18.865
2011-07-11,37.080002,37.580002,37.07,37.360001,1177000,18.68
2011-07-08,37.66,37.970001,37.50,37.540001,1173400,18.77
2011-07-07,37.650002,38.43,37.650002,38.200001,2145800,19.10
2011-07-06,37.720001,37.759998,37.43,37.48,1013200,18.74
2011-07-05,37.459999,38.080002,37.09,37.830002,1672800,18.915001
2011-07-01,36.720001,37.549999,36.490002,37.369999,1521400,18.684999
2011-06-30,36.32,36.889999,36.32,36.549999,1813600,18.275
2011-06-29,36.490002,36.720001,36.310001,36.330002,1219800,18.165001
2011-06-28,36.00,36.389999,35.950001,36.23,1387200,18.115
2011-06-27,35.98,36.150002,35.759998,36.00,1704600,18.00
2011-06-24,36.360001,36.459999,35.900002,35.919998,1396200,17.959999
2011-06-23,36.82,36.82,35.740002,36.48,2351800,18.24
2011-06-22,37.439999,37.759998,37.34,37.34,810000,18.67
2011-06-21,36.990002,37.959999,36.990002,37.650002,925600,18.825001
2011-06-20,36.259998,37.009998,36.150002,36.91,1701600,18.455
2011-06-17,36.66,37.009998,36.470001,36.580002,978000,18.290001
2011-06-16,35.630001,36.459999,35.490002,36.400002,2584200,18.200001
2011-06-15,36.119999,36.599998,35.57,35.630001,1449200,17.815001
2011-06-14,36.16,36.529999,36.07,36.450001,791000,18.225
2011-06-13,35.82,36.360001,35.529999,35.869999,1130200,17.934999
2011-06-10,36.66,36.689999,35.77,35.799999,1150400,17.90
2011-06-09,36.580002,36.970001,36.509998,36.73,782800,18.365
2011-06-08,36.849998,36.849998,36.220001,36.400002,951800,18.200001
2011-06-07,36.84,37.029999,36.540001,36.849998,1101600,18.424999
2011-06-06,37.389999,37.389999,36.50,36.540001,979600,18.27
2011-06-03,37.459999,37.740002,37.349998,37.41,756000,18.705
2011-06-02,38.400002,38.689999,37.849998,37.959999,994200,18.98
2011-06-01,38.59,39.029999,38.099998,38.209999,1471600,19.105
2011-05-31,38.529999,38.900002,38.299999,38.830002,1381400,19.415001
2011-05-27,38.50,38.860001,38.470001,38.490002,1063600,19.245001
2011-05-26,38.41,38.759998,38.040001,38.549999,802800,19.275
2011-05-25,38.419998,38.639999,38.200001,38.490002,1427000,19.245001
2011-05-24,39.27,39.279999,38.470001,38.490002,1197400,19.245001
2011-05-23,39.459999,39.540001,39.139999,39.240002,726200,19.620001
2011-05-20,39.970001,40.139999,39.560001,39.77,852200,19.885
2011-05-19,39.77,40.459999,39.77,40.209999,963600,20.105
2011-05-18,38.810001,39.799999,38.720001,39.759998,1365400,19.879999
2011-05-17,38.759998,39.200001,38.599998,38.740002,775600,19.370001
2011-05-16,39.439999,39.689999,38.82,38.84,362000,19.42
2011-05-13,39.880001,39.93,39.25,39.549999,659400,19.775
2011-05-12,39.049999,40.029999,39.049999,39.950001,1032000,19.975
2011-05-11,39.689999,39.779999,39.029999,39.200001,981200,19.60
2011-05-10,39.889999,40.169998,39.709999,39.889999,736600,19.945
2011-05-09,40.009998,40.029999,39.549999,39.73,558600,19.865
2011-05-06,39.709999,40.25,39.549999,39.93,699400,19.965
2011-05-05,39.119999,39.540001,38.77,39.23,711400,19.615
2011-05-04,39.950001,40.200001,39.040001,39.290001,1771400,19.645
2011-05-03,39.68,40.040001,39.669998,39.759998,1700800,19.879999
2011-05-02,39.439999,40.380001,39.380001,39.82,1539200,19.91
2011-04-29,39.02,39.66,39.02,39.459999,1722000,19.73
2011-04-28,37.990002,39.299999,37.779999,38.84,2183200,19.42
2011-04-27,37.34,37.849998,37.119999,37.77,1121400,18.885
2011-04-26,37.650002,37.700001,37.169998,37.25,1718600,18.625
2011-04-25,36.900002,37.66,36.900002,37.66,1834600,18.83
2011-04-21,37.060001,37.07,36.799999,36.959999,548800,18.48
2011-04-20,36.43,37.040001,36.400002,37.009998,1355200,18.504999
2011-04-19,35.790001,36.189999,35.66,36.099998,1550800,18.049999
2011-04-18,35.27,35.779999,35.259998,35.669998,884000,17.834999
2011-04-15,35.720001,36.080002,35.560001,35.810001,1236000,17.905001
2011-04-14,35.59,35.790001,35.509998,35.630001,973800,17.815001
2011-04-13,35.869999,35.990002,35.759998,35.830002,884800,17.915001
2011-04-12,35.459999,35.73,35.369999,35.66,1160000,17.83
2011-04-11,35.41,35.709999,35.34,35.689999,911400,17.844999
2011-04-08,35.599998,35.73,35.369999,35.459999,1581400,17.73
2011-04-07,35.560001,35.700001,35.279999,35.560001,2346400,17.780001
2011-04-06,35.790001,35.82,35.57,35.619999,1702400,17.809999
2011-04-05,35.619999,36.02,35.48,35.59,1287800,17.795
2011-04-04,35.59,35.880001,35.439999,35.779999,1231200,17.889999
2011-04-01,35.27,35.84,35.169998,35.459999,1262800,17.73
2011-03-31,35.27,35.389999,35.07,35.209999,928000,17.605
2011-03-30,34.110001,35.41,34.110001,35.400002,4233400,17.700001
2011-03-29,34.25,34.290001,33.84,34.00,2357800,17.00
2011-03-28,34.580002,34.73,34.009998,34.310001,1419000,17.155001
2011-03-25,34.66,35.099998,34.52,34.580002,1503800,17.290001
2011-03-24,35.040001,35.220001,34.630001,34.639999,927000,17.32
2011-03-23,34.360001,34.93,33.889999,34.779999,1718200,17.389999
2011-03-22,34.779999,34.970001,34.369999,34.50,923400,17.25
2011-03-21,34.759998,35.209999,34.639999,34.740002,1913000,17.370001
2011-03-18,34.00,34.73,34.00,34.389999,2789000,17.195
2011-03-17,34.459999,34.549999,33.869999,33.91,1747600,16.955
2011-03-16,34.720001,34.82,33.869999,33.970001,4399800,16.985001
2011-03-15,34.68,35.049999,34.59,34.849998,2718800,17.424999
2011-03-14,35.59,35.759998,35.150002,35.330002,2008600,17.665001
2011-03-11,35.59,36.360001,35.59,35.919998,1298400,17.959999
2011-03-10,35.98,36.060001,35.41,35.799999,1537000,17.90
2011-03-09,36.490002,36.650002,36.060001,36.279999,2367400,18.139999
2011-03-08,36.470001,36.73,36.07,36.50,1559000,18.25
2011-03-07,37.07,37.290001,36.27,36.470001,1522200,18.235001
2011-03-04,37.73,37.799999,37.040001,37.110001,1843000,18.555
2011-03-03,37.700001,38.130001,37.540001,37.77,853600,18.885
2011-03-02,37.25,37.77,37.029999,37.610001,671600,18.805
2011-03-01,37.98,38.25,37.189999,37.32,973400,18.66
2011-02-28,38.200001,38.209999,37.669998,38.07,1570000,19.035
2011-02-25,38.02,38.419998,38.02,38.130001,826200,19.065001
2011-02-24,37.82,38.299999,37.490002,37.860001,943800,18.93
2011-02-23,38.18,38.349998,37.34,37.91,1304200,18.955
2011-02-22,38.57,38.77,38.00,38.34,1087400,19.17
2011-02-18,38.529999,39.080002,38.529999,39.049999,951400,19.525
2011-02-17,39.240002,39.360001,38.630001,38.630001,1030400,19.315001
2011-02-16,39.049999,39.580002,39.049999,39.419998,955000,19.709999
2011-02-15,38.369999,39.110001,38.369999,39.00,738000,19.50
2011-02-14,38.93,38.93,38.330002,38.759998,1419200,19.379999
2011-02-11,37.75,38.799999,37.130001,38.73,2307000,19.365
2011-02-10,37.360001,38.27,37.360001,38.259998,1621200,19.129999
2011-02-09,37.869999,38.509998,37.599998,37.959999,1119600,18.98
2011-02-08,37.450001,38.130001,37.169998,37.84,2092200,18.92
2011-02-07,36.700001,37.380001,36.59,37.310001,1264600,18.655001
2011-02-04,36.299999,36.709999,36.060001,36.66,1587800,18.33
2011-02-03,34.900002,36.349998,34.900002,36.200001,2138400,18.10
2011-02-02,34.16,35.080002,33.68,34.900002,1915400,17.450001
2011-02-01,34.00,34.200001,32.98,34.099998,2898000,17.049999
2011-01-31,33.599998,34.220001,33.560001,33.959999,2156200,16.98
2011-01-28,34.119999,34.439999,33.549999,33.57,1453400,16.785
2011-01-27,34.25,34.73,34.099998,34.169998,1183200,17.084999
2011-01-26,34.09,34.34,33.93,34.240002,1601400,17.120001
2011-01-25,34.529999,34.759998,33.720001,34.189999,1222200,17.094999
2011-01-24,34.66,34.900002,34.060001,34.66,1044600,17.33
2011-01-21,34.599998,34.939999,34.27,34.529999,987400,17.264999
2011-01-20,33.98,34.639999,33.98,34.310001,2691000,17.155001
2011-01-19,33.84,34.299999,33.73,33.889999,3006000,16.945
2011-01-18,33.07,33.990002,32.82,33.98,1957200,16.99
2011-01-14,33.549999,33.59,32.810001,33.279999,2961600,16.639999
2011-01-13,34.259998,34.509998,33.619999,33.650002,2193000,16.825001
2011-01-12,34.810001,34.849998,34.279999,34.41,1049000,17.205
2011-01-11,34.810001,34.849998,34.490002,34.75,905400,17.375
2011-01-10,34.560001,34.650002,34.139999,34.50,1282800,17.25
2011-01-07,34.959999,35.00,34.349998,34.84,2228600,17.42
2011-01-06,35.23,35.279999,34.830002,34.860001,2963200,17.43
2011-01-05,36.080002,36.290001,35.200001,35.330002,2281200,17.665001
2011-01-04,36.709999,36.810001,36.150002,36.240002,1078000,18.120001
2011-01-03,36.860001,36.990002,36.509998,36.759998,920400,18.379999
2010-12-31,36.509998,37.00,36.369999,36.689999,821400,18.344999
2010-12-30,36.77,36.799999,36.240002,36.619999,1550400,18.309999
2010-12-29,36.259998,36.869999,36.25,36.73,798400,18.365
2010-12-28,36.630001,36.84,36.200001,36.549999,522800,18.275
2010-12-27,36.630001,36.779999,36.450001,36.610001,558200,18.305
2010-12-23,36.91,37.169998,36.639999,36.799999,1167400,18.40
2010-12-22,37.209999,37.360001,36.970001,37.009998,1810200,18.504999
2010-12-21,36.950001,37.290001,36.830002,37.110001,947600,18.555
2010-12-20,37.380001,37.380001,36.77,37.00,1035400,18.50
2010-12-17,36.57,37.189999,36.369999,37.07,2144200,18.535
2010-12-16,36.310001,36.75,36.009998,36.66,1824600,18.33
2010-12-15,36.689999,36.990002,36.419998,36.43,1160200,18.215
2010-12-14,36.50,36.73,36.369999,36.610001,874000,18.305
2010-12-13,37.029999,37.439999,36.439999,36.560001,1703600,18.280001
2010-12-10,36.75,37.110001,36.630001,37.02,1655600,18.51
2010-12-09,37.189999,37.259998,36.630001,36.779999,699400,18.389999
2010-12-08,37.310001,37.669998,36.900002,37.049999,1080600,18.525
2010-12-07,37.82,37.98,37.380001,37.380001,1134200,18.690001
2010-12-06,37.52,37.59,37.099998,37.400002,1764000,18.700001
2010-12-03,36.709999,37.459999,36.540001,37.419998,1109800,18.709999
2010-12-02,36.220001,36.939999,36.119999,36.759998,1078200,18.379999
2010-12-01,35.860001,36.369999,35.299999,35.959999,2816000,17.98
2010-11-30,35.950001,36.080002,35.48,35.509998,5273400,17.754999
2010-11-29,36.130001,36.209999,35.34,36.060001,2224600,18.030001
2010-11-26,36.490002,36.720001,36.18,36.509998,516800,18.254999
2010-11-24,35.970001,36.810001,35.950001,36.630001,1147400,18.315001
2010-11-23,36.18,36.18,35.59,35.790001,1585600,17.895
2010-11-22,37.00,37.00,36.369999,36.529999,2379800,18.264999
2010-11-19,36.84,37.119999,36.599998,36.889999,1067000,18.445
2010-11-18,36.580002,37.389999,36.450001,36.900002,2664800,18.450001
2010-11-17,35.169998,36.040001,35.150002,36.00,3121200,18.00
2010-11-16,34.950001,35.049999,34.540001,34.970001,1900200,17.485001
2010-11-15,35.259998,35.310001,34.75,35.09,1437800,17.545
2010-11-12,35.43,35.650002,35.060001,35.150002,1225800,17.575001
2010-11-11,35.830002,35.830002,35.220001,35.529999,2227000,17.764999
2010-11-10,35.400002,36.16,35.040001,36.02,1838200,18.01
2010-11-09,35.91,35.91,35.200001,35.360001,1602200,17.68
2010-11-08,35.880001,36.00,35.450001,35.689999,1567400,17.844999
2010-11-05,36.52,36.52,35.610001,35.630001,1400400,17.815001
2010-11-04,37.529999,37.66,36.23,36.369999,2191400,18.184999
2010-11-03,37.450001,37.599998,36.669998,37.139999,2849800,18.57
2010-11-02,39.259998,39.279999,38.689999,38.700001,1235600,19.35
2010-11-01,38.98,39.310001,38.48,38.759998,554200,19.379999
2010-10-29,38.02,38.959999,38.02,38.900002,2824800,19.450001
2010-10-28,39.68,39.68,38.860001,39.080002,1019200,19.540001
2010-10-27,38.959999,39.330002,38.50,39.330002,1415200,19.665001
2010-10-26,38.720001,39.25,38.50,39.09,671200,19.545
2010-10-25,38.959999,39.709999,38.810001,38.889999,1179600,19.445
2010-10-22,38.369999,38.610001,38.119999,38.610001,385600,19.305
2010-10-21,38.369999,39.009998,38.049999,38.110001,532000,19.055
2010-10-20,37.669998,38.66,37.389999,38.150002,1053000,19.075001
2010-10-19,37.77,38.18,37.25,37.52,1347800,18.76
2010-10-18,38.380001,38.380001,37.810001,38.09,1133800,19.045
2010-10-15,38.23,38.369999,37.560001,37.990002,1090400,18.995001
2010-10-14,38.650002,38.650002,37.689999,38.00,919600,19.00
2010-10-13,38.459999,38.959999,38.459999,38.639999,765400,19.32
2010-10-12,37.830002,38.369999,37.380001,38.169998,374800,19.084999
2010-10-11,37.919998,38.25,37.84,37.959999,515600,18.98
2010-10-08,38.509998,38.560001,37.75,38.009998,1379000,19.004999
2010-10-07,38.18,38.450001,37.91,38.349998,679800,19.174999
2010-10-06,38.389999,38.59,37.610001,37.869999,1125000,18.934999
2010-10-05,37.799999,38.529999,37.380001,38.389999,2248600,19.195
2010-10-04,37.639999,37.860001,37.150002,37.380001,808600,18.690001
2010-10-01,38.650002,38.650002,37.529999,37.759998,1041800,18.879999
2010-09-30,38.439999,39.009998,38.060001,38.189999,897200,19.094999
2010-09-29,38.040001,38.299999,37.799999,38.25,735800,19.125
2010-09-28,38.200001,38.389999,37.860001,38.200001,1001200,19.10
2010-09-27,37.98,38.57,37.84,38.240002,657000,19.120001
2010-09-24,37.919998,38.299999,37.759998,38.09,2283000,19.045
2010-09-23,37.040001,38.029999,36.93,37.330002,1099200,18.665001
2010-09-22,38.02,38.52,37.34,37.529999,1318400,18.764999
2010-09-21,38.630001,39.139999,38.049999,38.209999,1436200,19.105
2010-09-20,37.549999,38.610001,37.389999,38.52,1510800,19.26
2010-09-17,37.099998,37.57,37.00,37.400002,1113800,18.700001
2010-09-16,36.689999,37.279999,36.150002,37.080002,1804400,18.540001
2010-09-15,35.610001,37.240002,35.610001,36.650002,2707800,18.325001
2010-09-14,35.310001,35.779999,34.91,35.759998,1445600,17.879999
2010-09-13,35.349998,35.700001,35.16,35.209999,815600,17.605
2010-09-10,34.939999,35.009998,34.52,34.990002,761000,17.495001
2010-09-09,35.139999,35.220001,34.50,34.759998,1352800,17.379999
2010-09-08,34.990002,35.50,34.580002,34.650002,1355000,17.325001
2010-09-07,36.220001,36.220001,34.720001,34.990002,824600,17.495001
2010-09-03,35.91,36.299999,35.48,36.130001,905800,18.065001
2010-09-02,35.080002,35.400002,34.950001,35.360001,1211800,17.68
2010-09-01,34.18,35.080002,34.139999,34.889999,1165000,17.445
2010-08-31,33.650002,34.130001,33.400002,33.799999,1164800,16.90
2010-08-30,33.990002,34.189999,33.630001,33.73,752000,16.865
2010-08-27,33.50,33.93,32.799999,33.93,963400,16.965
2010-08-26,32.93,33.34,32.75,33.119999,999000,16.559999
2010-08-25,32.400002,32.84,32.07,32.740002,740600,16.370001
2010-08-24,33.360001,33.360001,32.66,32.75,726200,16.375
2010-08-23,34.00,34.00,33.43,33.549999,635800,16.775
2010-08-20,33.16,33.68,32.919998,33.57,1206200,16.785
2010-08-19,33.709999,33.84,33.150002,33.279999,1177400,16.639999
2010-08-18,33.639999,34.23,33.279999,33.990002,948400,16.995001
2010-08-17,32.990002,33.93,32.73,33.599998,1340800,16.799999
2010-08-16,32.77,32.849998,32.400002,32.720001,847200,16.360001
2010-08-13,32.529999,33.040001,32.490002,32.82,1342400,16.41
2010-08-12,32.759998,32.950001,32.34,32.700001,864400,16.35
2010-08-11,33.209999,33.32,32.689999,33.110001,894200,16.555
2010-08-10,33.00,33.75,32.900002,33.669998,1603600,16.834999
2010-08-09,33.57,33.580002,33.259998,33.360001,1240200,16.68
2010-08-06,33.540001,33.77,33.07,33.470001,1886200,16.735001
2010-08-05,33.669998,33.959999,33.130001,33.849998,1655400,16.924999
2010-08-04,33.919998,34.220001,33.48,34.029999,1314800,17.014999
2010-08-03,34.669998,35.75,33.900002,34.040001,3765200,17.02
2010-08-02,34.98,35.75,34.82,34.860001,2794800,17.43
2010-07-30,33.150002,34.43,32.82,34.380001,2560600,17.190001
2010-07-29,33.52,33.830002,33.099998,33.529999,919400,16.764999
2010-07-28,33.189999,33.279999,32.919998,33.23,1418200,16.615
2010-07-27,34.130001,34.130001,33.23,33.32,1578200,16.66
2010-07-26,32.110001,33.810001,32.110001,33.689999,2755000,16.844999
2010-07-23,31.26,32.25,31.23,32.23,1159600,16.115
2010-07-22,30.65,31.440001,30.139999,31.299999,1712800,15.65
2010-07-21,31.110001,31.129999,30.290001,30.34,1552000,15.17
2010-07-20,30.35,31.139999,30.209999,31.08,1793600,15.54
2010-07-19,30.82,31.07,30.629999,30.83,958800,15.415
2010-07-16,31.700001,31.700001,30.530001,30.629999,1473600,15.315
2010-07-15,32.139999,32.18,31.43,31.889999,2629800,15.945
2010-07-14,31.809999,32.43,31.620001,32.099998,2354400,16.049999
2010-07-13,31.450001,32.049999,31.34,31.870001,1752800,15.935
2010-07-12,31.309999,31.50,30.76,31.16,1868400,15.58
2010-07-09,31.450001,31.59,31.16,31.48,2835600,15.74
2010-07-08,31.709999,31.92,31.10,31.52,2430400,15.76
2010-07-07,31.139999,31.52,31.00,31.50,2048600,15.75
2010-07-06,31.559999,31.559999,30.799999,31.139999,2424600,15.57
2010-07-02,31.58,31.629999,30.25,30.84,2391600,15.42
2010-07-01,30.709999,31.41,30.450001,31.40,2440800,15.70
2010-06-30,30.610001,31.469999,30.50,30.93,2980400,15.465
2010-06-29,32.299999,32.349998,30.440001,30.59,3587400,15.295
2010-06-28,32.68,33.18,32.48,32.740002,4381600,16.370001
2010-06-25,32.130001,32.91,31.950001,32.349998,40189800,16.174999
2010-06-24,32.630001,32.91,31.40,32.200001,5319000,16.10
2010-06-23,33.310001,33.490002,32.639999,33.049999,4718600,16.525
2010-06-22,33.84,34.169998,33.080002,33.23,6902200,16.615
2010-06-21,33.389999,34.580002,33.330002,33.639999,3894600,16.82
2010-06-18,32.869999,33.450001,32.84,33.040001,2356600,16.52
2010-06-17,32.57,33.029999,32.48,32.970001,1544800,16.485001
2010-06-16,32.490002,33.00,31.889999,32.57,1738800,16.285
2010-06-15,32.099998,32.869999,31.98,32.77,1878200,16.385
2010-06-14,32.380001,32.560001,31.889999,31.950001,1580600,15.975
2010-06-11,31.17,32.150002,30.76,32.080002,2057200,16.040001
2010-06-10,30.129999,31.34,30.129999,31.280001,1721400,15.64
2010-06-09,30.030001,30.610001,29.58,29.700001,1699200,14.85
2010-06-08,30.200001,30.200001,28.93,29.90,1555600,14.95
2010-06-07,31.049999,31.290001,30.00,30.110001,2031800,15.055
2010-06-04,32.400002,32.400002,30.940001,31.09,1611400,15.545
2010-06-03,32.779999,33.23,32.459999,32.84,1794400,16.42
2010-06-02,31.43,32.75,31.200001,32.689999,1874400,16.344999
2010-06-01,31.42,32.18,31.16,31.23,1630800,15.615
2010-05-28,32.639999,32.639999,31.290001,31.74,2639200,15.87
2010-05-27,31.99,32.709999,31.969999,32.709999,1040200,16.355
2010-05-26,31.18,32.330002,30.969999,31.42,1291400,15.71
2010-05-25,30.41,31.030001,29.530001,30.940001,1235400,15.47
2010-05-24,30.639999,31.17,30.309999,30.91,951200,15.455
2010-05-21,29.889999,30.809999,29.530001,30.700001,930400,15.35
2010-05-20,30.459999,30.879999,30.10,30.219999,1562600,15.11
2010-05-19,31.10,31.60,30.52,31.040001,1518600,15.52
2010-05-18,31.74,32.00,30.950001,31.18,999800,15.59
2010-05-17,31.73,32.080002,30.92,31.469999,695000,15.735
2010-05-14,32.27,32.400002,31.43,31.76,814000,15.88
2010-05-13,33.029999,33.130001,32.34,32.459999,760000,16.23
2010-05-12,32.759998,33.07,32.330002,32.900002,929200,16.450001
2010-05-11,31.27,32.459999,31.27,32.459999,1612400,16.23
2010-05-10,31.139999,32.549999,31.139999,31.709999,1974200,15.855
2010-05-07,30.969999,31.370001,29.469999,29.879999,1685600,14.94
2010-05-06,31.65,32.139999,28.450001,30.75,2304800,15.375
2010-05-05,33.09,33.09,31.440001,31.73,1270600,15.865
2010-05-04,33.369999,33.369999,32.790001,33.18,947600,16.59
2010-05-03,33.66,33.799999,33.209999,33.580002,1743200,16.790001
2010-04-30,32.139999,33.700001,32.139999,33.380001,2818000,16.690001
2010-04-29,31.219999,32.209999,31.139999,32.189999,2159000,16.094999
2010-04-28,30.549999,31.07,30.49,31.00,1268400,15.50
2010-04-27,30.85,31.09,30.48,30.59,1548600,15.295
2010-04-26,31.26,31.440001,30.969999,31.129999,913600,15.565
2010-04-23,30.83,31.540001,30.57,31.379999,1075600,15.69
2010-04-22,30.49,30.809999,30.40,30.77,2264800,15.385
2010-04-21,30.440001,30.99,30.440001,30.76,2841800,15.38
2010-04-20,30.110001,30.66,30.00,30.459999,1663600,15.23
2010-04-19,29.84,30.309999,29.639999,29.99,1171200,14.995
2010-04-16,30.129999,30.530001,29.709999,30.01,737800,15.005
2010-04-15,30.219999,30.360001,30.08,30.18,967000,15.09
2010-04-14,30.030001,30.209999,29.77,30.17,1183400,15.085
2010-04-13,29.799999,30.049999,29.67,30.030001,728000,15.015
2010-04-12,30.09,30.17,29.809999,29.91,1107800,14.955
2010-04-09,29.639999,30.27,29.59,30.10,1514600,15.05
2010-04-08,29.639999,29.709999,29.379999,29.629999,2410800,14.815
2010-04-07,29.780001,29.799999,29.40,29.60,1403200,14.80
2010-04-06,29.41,29.969999,29.379999,29.93,854400,14.965
2010-04-05,29.450001,29.610001,29.200001,29.58,563200,14.79
2010-04-01,29.440001,29.459999,29.059999,29.32,1026600,14.66
2010-03-31,29.620001,29.68,29.280001,29.41,1157000,14.705
2010-03-30,29.50,29.940001,29.27,29.799999,2053600,14.90
2010-03-29,29.620001,30.139999,29.370001,29.43,578600,14.715
2010-03-26,29.57,29.799999,29.379999,29.540001,1561400,14.77
2010-03-25,29.639999,29.99,29.41,29.459999,905200,14.73
2010-03-24,29.40,29.639999,29.129999,29.620001,723400,14.81
2010-03-23,29.129999,29.50,29.049999,29.379999,1207000,14.69
2010-03-22,28.639999,29.450001,28.440001,29.309999,809600,14.655
2010-03-19,28.700001,29.200001,28.51,28.700001,830600,14.35
2010-03-18,28.809999,28.959999,28.66,28.75,806400,14.375
2010-03-17,28.790001,29.040001,28.700001,28.860001,273400,14.43
2010-03-16,28.58,28.91,28.43,28.780001,721600,14.39
2010-03-15,28.629999,28.76,28.379999,28.65,587200,14.325
2010-03-12,28.379999,28.75,28.209999,28.74,602600,14.37
2010-03-11,28.190001,28.49,27.950001,28.42,429400,14.21
2010-03-10,28.110001,28.40,27.77,28.17,762600,14.085
2010-03-09,27.68,28.299999,27.68,28.190001,870000,14.095
2010-03-08,27.66,28.09,27.629999,27.950001,1449600,13.975
2010-03-05,27.26,27.799999,27.25,27.709999,894000,13.855
2010-03-04,26.85,27.41,26.60,27.23,910400,13.615
2010-03-03,26.799999,27.02,26.75,26.76,1195600,13.38
2010-03-02,26.879999,27.00,26.76,26.84,2754400,13.42
2010-03-01,26.65,27.10,26.65,26.92,5921800,13.46
2010-02-26,27.290001,27.610001,26.52,26.549999,15486000,13.275
2010-02-25,27.85,27.889999,27.030001,27.309999,1542000,13.655
2010-02-24,28.42,28.42,27.91,28.129999,1154800,14.065
2010-02-23,27.59,28.450001,27.530001,28.200001,1776200,14.10
2010-02-22,27.98,28.52,27.98,28.23,1477600,14.115
2010-02-19,27.34,28.18,27.309999,28.02,980600,14.01
2010-02-18,27.27,27.780001,27.27,27.52,1354800,13.76
2010-02-17,27.309999,27.84,27.00,27.49,2467800,13.745
2010-02-16,25.799999,26.049999,25.73,25.83,910600,12.915
2010-02-12,25.24,25.799999,25.200001,25.700001,1006400,12.85
2010-02-11,25.42,25.549999,25.200001,25.40,581800,12.70
2010-02-10,25.870001,25.870001,25.00,25.33,1078200,12.665
2010-02-09,25.950001,26.360001,25.809999,26.219999,1101000,13.11
2010-02-08,25.73,26.049999,25.66,25.73,3177600,12.865
2010-02-05,25.67,25.690001,24.959999,25.639999,921400,12.82
2010-02-04,26.25,26.26,25.709999,25.77,827200,12.885
2010-02-03,26.50,26.639999,26.360001,26.41,503400,13.205
2010-02-02,26.68,26.68,26.24,26.50,741600,13.25
2010-02-01,26.57,26.68,26.32,26.52,482800,13.26
2010-01-29,26.65,26.83,26.25,26.26,986600,13.13
2010-01-28,26.40,26.77,26.09,26.610001,668400,13.305
2010-01-27,26.73,26.90,25.889999,26.40,403400,13.20
2010-01-26,26.83,27.02,26.540001,26.870001,514400,13.435
2010-01-25,27.280001,27.280001,26.559999,26.780001,872600,13.39
2010-01-22,27.98,27.98,26.83,26.84,638000,13.42
2010-01-21,28.52,28.65,27.33,27.889999,1457000,13.945
2010-01-20,28.370001,28.459999,28.139999,28.190001,385600,14.095
2010-01-19,28.299999,28.540001,28.15,28.540001,666000,14.27
2010-01-15,28.389999,29.030001,27.99,28.43,661200,14.215
2010-01-14,27.809999,28.26,27.719999,27.799999,531200,13.90
2010-01-13,27.969999,28.16,27.450001,27.91,1196000,13.955
2010-01-12,28.559999,28.719999,27.940001,27.959999,1762200,13.98
2010-01-11,28.92,29.049999,28.65,28.73,1086200,14.365
2010-01-08,28.379999,28.91,28.299999,28.91,1252200,14.455
2010-01-07,28.32,28.59,28.129999,28.51,744800,14.255
2010-01-06,28.139999,28.41,27.84,28.25,1016000,14.125
2010-01-05,26.68,28.040001,26.68,27.969999,857400,13.985
2010-01-04,26.629999,26.92,26.50,26.790001,535400,13.395
2009-12-31,26.209999,26.629999,26.209999,26.52,348800,13.26
2009-12-30,26.42,26.60,26.049999,26.299999,401400,13.15
2009-12-29,26.74,26.959999,26.59,26.59,245800,13.295
2009-12-28,26.959999,27.15,26.690001,26.719999,125000,13.36
2009-12-24,26.780001,26.969999,26.76,26.879999,96600,13.44
2009-12-23,27.32,27.35,26.67,26.790001,387200,13.395
2009-12-22,27.32,27.50,26.98,27.34,725600,13.67
2009-12-21,27.049999,27.459999,27.049999,27.309999,415800,13.655
2009-12-18,27.18,27.299999,26.780001,27.10,997600,13.55
2009-12-17,26.35,27.370001,26.129999,27.15,923600,13.575
2009-12-16,26.98,27.09,26.83,26.85,851400,13.425
2009-12-15,27.129999,27.290001,26.780001,26.85,1641800,13.425
2009-12-14,27.65,27.82,27.08,27.27,988400,13.635
2009-12-11,28.049999,28.09,27.530001,27.690001,839800,13.845
2009-12-10,27.219999,28.049999,27.10,27.82,836800,13.91
2009-12-09,27.639999,27.639999,27.049999,27.16,805000,13.58
2009-12-08,27.73,27.73,27.299999,27.440001,520600,13.72
2009-12-07,27.32,27.889999,27.32,27.68,592600,13.84
2009-12-04,27.59,27.780001,27.16,27.450001,711400,13.725
2009-12-03,28.00,28.17,27.379999,27.440001,1039200,13.72
2009-12-02,28.01,28.450001,27.91,28.030001,877400,14.015
2009-12-01,28.25,28.48,27.98,28.16,1391000,14.08
2009-11-30,27.790001,28.08,27.379999,28.040001,1278200,14.02
2009-11-27,27.16,27.889999,27.16,27.690001,127200,13.845
2009-11-25,27.969999,28.110001,27.76,27.959999,581200,13.98
2009-11-24,27.77,28.120001,27.42,28.049999,770800,14.025
2009-11-23,27.93,28.459999,27.41,27.709999,637200,13.855
2009-11-20,27.51,27.77,26.790001,27.40,657800,13.70
2009-11-19,27.66,27.66,26.98,27.51,587200,13.755
2009-11-18,27.92,28.209999,27.60,27.690001,549800,13.845
2009-11-17,27.799999,28.16,27.48,28.16,599800,14.08
2009-11-16,27.02,27.790001,26.82,27.75,448800,13.875
2009-11-13,26.889999,26.99,26.51,26.99,481000,13.495
2009-11-12,26.610001,27.200001,26.58,26.700001,457600,13.35
2009-11-11,26.99,27.219999,26.690001,26.780001,318800,13.39
2009-11-10,27.00,27.00,26.41,26.809999,854400,13.405
2009-11-09,26.51,26.98,26.01,26.969999,639600,13.485
2009-11-06,25.60,26.08,25.280001,26.08,410800,13.04
2009-11-05,25.00,25.700001,24.51,25.68,908600,12.84
2009-11-04,24.620001,25.790001,24.49,24.610001,758400,12.305
2009-11-03,23.719999,24.389999,23.33,24.379999,794400,12.19
2009-11-02,23.940001,24.52,23.540001,23.82,1120400,11.91
2009-10-30,25.00,25.10,23.879999,24.02,685200,12.01
2009-10-29,24.49,25.200001,24.379999,25.09,1301200,12.545
2009-10-28,25.389999,25.389999,24.440001,24.52,1087400,12.26
2009-10-27,26.52,26.549999,25.58,25.59,818600,12.795
2009-10-26,26.360001,26.690001,26.23,26.299999,875400,13.15
2009-10-23,26.43,26.639999,26.26,26.360001,888600,13.18
2009-10-22,26.25,26.940001,26.17,26.60,612200,13.30
2009-10-21,27.299999,27.48,26.370001,26.459999,501400,13.23
2009-10-20,27.639999,27.98,27.299999,27.450001,1034600,13.725
2009-10-19,27.09,27.76,26.799999,27.549999,1701400,13.775
2009-10-16,26.809999,27.200001,26.75,26.959999,805800,13.48
2009-10-15,27.440001,27.48,26.91,27.00,810400,13.50
2009-10-14,27.469999,27.51,27.16,27.450001,1096800,13.725
2009-10-13,27.639999,27.639999,27.10,27.299999,319600,13.65
2009-10-12,27.559999,27.889999,27.360001,27.549999,617800,13.775
2009-10-09,28.049999,28.049999,27.379999,27.629999,803000,13.815
2009-10-08,27.360001,28.15,27.360001,27.98,2051600,13.99
2009-10-07,26.959999,27.379999,26.83,27.34,928000,13.67
2009-10-06,26.58,27.450001,26.450001,27.16,558000,13.58
2009-10-05,26.43,26.690001,26.15,26.58,894000,13.29
2009-10-02,25.93,26.18,25.65,26.10,312800,13.05
2009-10-01,26.540001,26.84,25.92,26.01,909600,13.005
2009-09-30,25.60,26.27,25.60,26.030001,791200,13.015
2009-09-29,25.50,25.950001,25.299999,25.67,631200,12.835
2009-09-28,24.92,25.67,24.879999,25.459999,569800,12.73
2009-09-25,25.40,25.51,24.85,24.85,535200,12.425
2009-09-24,25.790001,25.799999,25.290001,25.540001,571000,12.77
2009-09-23,26.35,26.48,25.76,25.780001,816600,12.89
2009-09-22,26.219999,26.48,26.200001,26.35,952200,13.175
2009-09-21,26.15,26.58,26.139999,26.18,679000,13.09
2009-09-18,26.360001,26.60,26.030001,26.41,827200,13.205
2009-09-17,26.50,26.50,26.120001,26.139999,452600,13.07
2009-09-16,26.040001,26.75,25.83,26.450001,398200,13.225
2009-09-15,25.469999,26.040001,25.309999,25.879999,1033000,12.94
2009-09-14,25.540001,25.60,25.219999,25.41,814400,12.705
2009-09-11,25.530001,26.030001,25.24,25.48,1230600,12.74
2009-09-10,24.610001,25.74,24.459999,25.65,970400,12.825
2009-09-09,23.99,24.639999,23.879999,24.59,706800,12.295
2009-09-08,23.67,24.16,23.67,24.10,443000,12.05
2009-09-04,23.02,23.700001,23.02,23.68,263800,11.84
2009-09-03,23.24,23.299999,22.870001,23.17,435800,11.585
2009-09-02,23.34,23.360001,22.82,22.99,873200,11.495
2009-09-01,23.42,23.870001,23.07,23.23,1253800,11.615
2009-08-31,23.360001,23.52,23.17,23.370001,535800,11.685
2009-08-28,23.870001,24.200001,23.02,23.41,1044800,11.705
2009-08-27,24.24,24.24,23.33,23.790001,1041400,11.895
2009-08-26,24.00,24.27,23.809999,24.200001,1335200,12.10
2009-08-25,23.860001,24.50,23.790001,24.23,1544800,12.115
2009-08-24,23.549999,23.90,23.35,23.65,656800,11.825
2009-08-21,23.139999,23.57,23.02,23.52,815200,11.76
2009-08-20,22.42,23.26,22.42,23.120001,589600,11.56
2009-08-19,22.440001,23.08,22.40,22.889999,952800,11.445
2009-08-18,22.530001,22.83,22.35,22.67,366400,11.335
2009-08-17,22.620001,22.68,22.16,22.370001,456000,11.185
2009-08-14,22.91,22.99,22.33,22.83,283000,11.415
2009-08-13,23.209999,23.209999,22.790001,22.93,477400,11.465
2009-08-12,23.030001,23.57,22.889999,23.18,1175400,11.59
2009-08-11,23.09,23.82,22.690001,22.93,500400,11.465
2009-08-10,23.41,23.77,22.99,23.34,651600,11.67
2009-08-07,23.24,23.51,22.99,23.48,841200,11.74
2009-08-06,22.82,23.50,22.690001,22.950001,688000,11.475
2009-08-05,23.07,23.129999,22.41,22.959999,343200,11.48
2009-08-04,22.77,23.42,22.549999,22.940001,639200,11.47
2009-08-03,22.49,23.110001,22.35,23.110001,1818400,11.555
2009-07-31,22.389999,22.50,22.24,22.40,708800,11.20
2009-07-30,22.309999,22.639999,22.23,22.35,1834000,11.175
2009-07-29,22.129999,22.50,22.059999,22.08,187000,11.04
2009-07-28,21.790001,22.530001,21.790001,22.43,429000,11.215
2009-07-27,22.17,22.200001,21.67,22.07,274600,11.035
2009-07-24,22.25,22.32,21.809999,22.17,311200,11.085
2009-07-23,22.08,22.209999,21.639999,22.049999,376600,11.025
2009-07-22,21.629999,22.030001,21.629999,21.879999,217600,10.94
2009-07-21,22.030001,22.030001,21.66,21.889999,355800,10.945
2009-07-20,21.15,22.02,21.040001,21.98,578400,10.99
2009-07-17,21.559999,21.620001,21.129999,21.290001,423200,10.645
2009-07-16,21.50,21.799999,21.10,21.66,380800,10.83
2009-07-15,21.15,21.790001,21.02,21.60,466000,10.80
2009-07-14,20.190001,21.18,20.190001,20.98,814600,10.49
2009-07-13,20.58,20.58,19.83,20.41,873400,10.205
2009-07-10,20.41,20.83,20.17,20.459999,532800,10.23
2009-07-09,19.84,20.629999,19.84,20.41,1299600,10.205
2009-07-08,20.17,20.34,19.540001,19.85,1033400,9.925
2009-07-07,20.030001,20.379999,19.799999,19.889999,618400,9.945
2009-07-06,20.49,20.49,19.870001,20.110001,607800,10.055
2009-07-02,21.209999,21.209999,20.389999,20.41,846200,10.205
2009-07-01,20.459999,21.530001,20.43,21.209999,703000,10.605
2009-06-30,20.440001,20.700001,20.24,20.530001,2236400,10.265
2009-06-29,20.51,20.68,20.24,20.33,1510200,10.165
2009-06-26,18.950001,21.50,18.950001,21.219999,14605200,10.61
2009-06-25,18.799999,19.290001,18.73,19.200001,834600,9.60
2009-06-24,18.50,19.549999,18.48,18.77,417200,9.385
2009-06-23,18.40,18.809999,18.059999,18.27,530200,9.135
2009-06-22,18.74,18.98,18.18,18.42,555200,9.21
2009-06-19,19.290001,19.41,18.780001,18.870001,815600,9.435
2009-06-18,19.24,19.540001,19.190001,19.280001,441600,9.64
2009-06-17,19.219999,19.450001,18.76,19.24,617600,9.62
2009-06-16,19.860001,20.15,19.059999,19.280001,283200,9.64
2009-06-15,20.17,20.17,19.34,19.98,541400,9.99
2009-06-12,20.790001,20.790001,19.940001,20.17,583600,10.085
2009-06-11,20.809999,20.99,20.49,20.66,551600,10.33
2009-06-10,21.889999,21.950001,20.76,21.049999,427800,10.525
2009-06-09,21.26,21.639999,21.110001,21.57,471000,10.785
2009-06-08,20.67,21.51,20.67,21.360001,375400,10.68
2009-06-05,20.82,21.110001,20.32,21.00,1281800,10.50
2009-06-04,20.60,20.879999,20.43,20.530001,901800,10.265
2009-06-03,20.870001,20.99,20.549999,20.77,350600,10.385
2009-06-02,20.90,21.059999,20.370001,20.879999,681800,10.44
2009-06-01,20.809999,21.450001,20.530001,20.799999,1244400,10.40
2009-05-29,20.24,20.84,20.24,20.84,1559200,10.42
2009-05-28,20.00,20.50,19.75,20.43,541200,10.215
2009-05-27,20.209999,20.290001,19.93,20.07,1390600,10.035
2009-05-26,20.190001,20.440001,20.07,20.25,1364800,10.125
2009-05-22,20.209999,20.389999,19.940001,20.190001,336200,10.095
2009-05-21,20.219999,20.219999,19.42,20.01,763200,10.005
2009-05-20,19.26,20.700001,19.26,20.41,930200,10.205
2009-05-19,18.879999,19.379999,18.66,19.27,281400,9.635
2009-05-18,18.139999,18.790001,17.76,18.77,357600,9.385
2009-05-15,18.200001,18.52,17.91,18.09,303000,9.045
2009-05-14,17.82,18.219999,17.620001,18.07,317400,9.035
2009-05-13,17.799999,18.059999,17.629999,17.91,402400,8.955
2009-05-12,18.959999,19.75,17.82,18.18,566800,9.09
2009-05-11,18.780001,19.290001,18.549999,19.00,578000,9.50
2009-05-08,19.24,19.24,18.59,18.93,390400,9.465
2009-05-07,19.67,19.82,18.84,18.959999,1086400,9.48
2009-05-06,19.959999,20.139999,19.41,19.74,495200,9.87
2009-05-05,18.620001,19.940001,18.389999,19.889999,1181800,9.945
2009-05-04,17.549999,19.01,17.549999,18.799999,1677400,9.40
2009-05-01,17.610001,17.610001,16.799999,17.290001,284400,8.645
2009-04-30,18.26,18.610001,17.450001,17.52,706400,8.76
2009-04-29,17.24,18.299999,17.24,18.129999,1196200,9.065
2009-04-28,16.959999,17.35,16.889999,17.02,367800,8.51
2009-04-27,16.58,17.389999,16.559999,17.059999,704400,8.53
2009-04-24,16.60,16.99,16.559999,16.82,437800,8.41
2009-04-23,17.24,17.370001,16.459999,16.629999,433600,8.315
2009-04-22,16.549999,17.59,16.549999,17.219999,388000,8.61
2009-04-21,16.66,16.889999,16.190001,16.84,401000,8.42
2009-04-20,16.459999,16.690001,16.34,16.51,394400,8.255
2009-04-17,16.639999,16.90,16.51,16.790001,691200,8.395
2009-04-16,15.84,16.940001,15.84,16.709999,417600,8.355
2009-04-15,15.51,15.94,15.40,15.82,506600,7.91
2009-04-14,16.10,16.299999,15.66,15.71,682600,7.855
2009-04-13,16.299999,16.32,15.90,16.15,276400,8.075
2009-04-09,15.84,16.48,15.84,16.27,1237800,8.135
2009-04-08,15.45,15.88,15.25,15.66,1013000,7.83
2009-04-07,16.049999,16.049999,15.23,15.36,1842600,7.68
2009-04-06,16.35,16.48,16.129999,16.469999,1113200,8.235
2009-04-03,16.440001,16.639999,16.02,16.629999,1647800,8.315
2009-04-02,15.59,16.540001,15.59,16.35,1269200,8.175
2009-04-01,14.41,15.62,14.41,15.53,2333800,7.765
2009-03-31,14.61,14.98,14.47,14.65,1000400,7.325
2009-03-30,14.52,14.69,13.98,14.62,575800,7.31
2009-03-27,14.92,15.15,14.14,14.79,991800,7.395
2009-03-26,14.77,15.21,14.77,15.05,1320400,7.525
2009-03-25,14.81,14.81,14.27,14.77,1420400,7.385
2009-03-24,14.94,15.19,14.76,14.84,293600,7.42
2009-03-23,14.73,15.20,14.40,15.18,619600,7.59
2009-03-20,14.90,14.92,14.41,14.50,432600,7.25
2009-03-19,15.28,15.35,14.67,14.83,1144400,7.415
2009-03-18,15.05,15.37,15.00,15.26,832400,7.63
2009-03-17,15.37,15.37,14.88,15.25,610000,7.625
2009-03-16,15.44,15.68,15.11,15.25,520400,7.625
2009-03-13,15.25,15.44,14.81,15.37,755200,7.685
2009-03-12,14.12,15.25,14.01,15.20,1309400,7.60
2009-03-11,14.15,14.33,13.87,14.25,1011400,7.125
2009-03-10,13.57,14.11,13.29,14.01,1325600,7.005
2009-03-09,13.76,14.08,13.24,13.30,1816000,6.65
2009-03-06,14.32,14.58,13.63,13.98,1812400,6.99
2009-03-05,14.18,14.99,14.14,14.26,701800,7.13
2009-03-04,14.95,15.05,14.01,14.50,2074600,7.25
2009-03-03,14.82,15.01,14.49,14.81,809200,7.405
2009-03-02,14.32,14.90,14.32,14.51,884000,7.255
2009-02-27,13.88,14.80,13.88,14.68,1430800,7.34
2009-02-26,14.30,14.75,13.90,14.04,795000,7.02
2009-02-25,13.82,14.58,13.65,14.13,1066400,7.065
2009-02-24,12.17,12.78,12.04,12.68,1301800,6.34
2009-02-23,12.27,12.66,12.03,12.10,808800,6.05
2009-02-20,12.50,12.62,12.09,12.26,433200,6.13
2009-02-19,13.05,13.11,12.58,12.63,779000,6.315
2009-02-18,13.38,13.51,12.77,12.99,852800,6.495
2009-02-17,13.48,13.80,12.99,13.20,1149800,6.60
2009-02-13,13.90,13.91,13.54,13.78,432000,6.89
2009-02-12,13.24,13.90,13.24,13.81,339800,6.905
2009-02-11,13.34,13.76,13.34,13.56,399400,6.78
2009-02-10,13.59,13.84,13.27,13.39,766400,6.695
2009-02-09,13.66,13.94,13.66,13.76,331200,6.88
2009-02-06,13.31,13.91,13.31,13.76,620400,6.88
2009-02-05,13.41,13.50,13.11,13.37,796600,6.685
2009-02-04,14.28,14.45,13.55,13.60,679600,6.80
2009-02-03,14.40,14.40,13.92,14.18,1507600,7.09
2009-02-02,14.25,14.54,13.80,14.42,552200,7.21
2009-01-30,14.31,14.50,13.82,14.38,1207800,7.19
2009-01-29,14.53,14.56,14.07,14.14,318600,7.07
2009-01-28,14.78,14.90,14.28,14.60,659400,7.30
2009-01-27,14.36,14.58,14.18,14.56,671600,7.28
2009-01-26,14.32,14.79,13.94,14.19,758600,7.095
2009-01-23,14.20,14.65,14.20,14.39,546800,7.195
2009-01-22,14.15,14.75,14.03,14.40,467800,7.20
2009-01-21,13.50,14.46,13.38,14.36,751000,7.18
2009-01-20,14.52,14.52,13.42,13.42,516600,6.71
2009-01-16,14.90,15.08,14.06,14.52,502800,7.26
2009-01-15,14.72,14.92,13.83,14.47,687800,7.235
2009-01-14,14.70,14.80,14.12,14.59,465200,7.295
2009-01-13,14.73,14.93,14.44,14.79,837800,7.395
2009-01-12,14.43,14.43,14.08,14.38,1245400,7.19
2009-01-09,14.11,14.51,13.80,14.41,969200,7.205
2009-01-08,13.89,14.24,13.42,14.24,1464800,7.12
2009-01-07,14.06,14.14,13.70,13.80,433000,6.90
2009-01-06,14.35,14.52,13.64,14.45,705000,7.225
2009-01-05,13.69,14.18,13.67,14.08,598400,7.04
2009-01-02,13.27,13.79,13.27,13.78,994200,6.89
2008-12-31,13.40,13.46,12.85,13.39,583200,6.695
2008-12-30,13.09,13.35,12.57,13.29,553400,6.645
2008-12-29,13.28,13.34,12.76,13.14,685000,6.57
2008-12-26,13.04,13.38,12.90,13.13,403600,6.565
2008-12-24,13.07,13.22,13.04,13.09,138400,6.545
2008-12-23,13.71,13.71,12.88,13.16,563400,6.58
2008-12-22,13.99,13.99,12.78,13.22,617800,6.61
2008-12-19,13.32,13.91,12.52,13.84,2043600,6.92
2008-12-18,13.29,13.46,12.50,13.38,1360000,6.69
2008-12-17,12.14,12.68,11.99,12.51,3902200,6.255
2008-12-16,12.18,12.56,11.83,12.44,1723600,6.22
2008-12-15,12.49,12.94,12.16,12.18,1023400,6.09
2008-12-12,11.79,12.65,11.77,12.51,2127000,6.255
2008-12-11,12.68,13.48,11.72,12.01,5460800,6.005
2008-12-10,13.12,13.64,12.62,12.93,3992800,6.465
2008-12-09,14.46,14.46,12.43,13.12,3537800,6.56
2008-12-08,13.52,14.36,13.45,14.22,2114000,7.11
2008-12-05,12.54,13.29,11.83,13.29,1368000,6.645
2008-12-04,13.15,13.43,12.05,12.39,1500000,6.195
2008-12-03,12.66,13.50,12.66,13.50,879600,6.75
2008-12-02,13.28,13.65,12.97,13.10,1086000,6.55
2008-12-01,13.19,14.74,13.14,13.17,1380400,6.585
2008-11-28,13.40,15.25,13.37,15.13,783800,7.565
2008-11-26,12.44,13.64,12.37,13.34,740400,6.67
2008-11-25,13.43,13.43,12.37,12.72,1585800,6.36
2008-11-24,12.47,13.27,12.47,13.17,874000,6.585
2008-11-21,12.12,12.40,10.87,12.33,1883400,6.165
2008-11-20,11.68,12.65,11.44,11.96,2633000,5.98
2008-11-19,11.71,12.50,11.57,11.75,1273400,5.875
2008-11-18,12.26,12.81,11.36,11.86,889000,5.93
2008-11-17,13.40,13.76,12.56,12.58,546000,6.29
2008-11-14,12.82,13.92,12.50,13.46,691000,6.73
2008-11-13,12.03,12.99,11.42,12.99,1103000,6.495
2008-11-12,12.99,13.07,11.46,11.86,802000,5.93
2008-11-11,13.08,13.64,12.22,13.14,711400,6.57
2008-11-10,13.50,14.24,13.28,13.35,666200,6.675
2008-11-07,11.19,13.58,11.19,13.51,3255600,6.755
2008-11-06,12.88,13.70,11.35,11.35,897000,5.675
2008-11-05,13.88,13.88,13.02,13.26,1215800,6.63
2008-11-04,13.54,13.88,13.26,13.58,1728600,6.79
2008-11-03,13.07,13.32,12.86,13.05,2848200,6.525
2008-10-31,12.45,13.55,12.45,13.32,1434200,6.66
2008-10-30,11.96,12.60,11.60,12.59,1119600,6.295
2008-10-29,10.39,11.97,9.52,11.62,1747200,5.81
2008-10-28,10.38,10.62,9.70,10.55,839200,5.275
2008-10-27,9.76,10.55,9.57,10.00,1894000,5.00
2008-10-24,10.03,10.36,9.25,9.79,1790600,4.895
2008-10-23,11.92,12.13,10.38,11.38,1868000,5.69
2008-10-22,12.05,12.51,11.50,11.80,1920400,5.90
2008-10-21,12.34,13.09,12.13,12.56,1563800,6.28
2008-10-20,12.35,12.82,12.14,12.74,1134200,6.37
2008-10-17,11.76,13.60,10.98,12.40,1276000,6.20
2008-10-16,12.50,13.51,10.11,11.89,2503000,5.945
2008-10-15,13.49,13.62,11.77,12.27,1320200,6.135
2008-10-14,10.34,13.16,10.14,13.10,2461200,6.55
2008-10-13,10.05,12.42,10.05,12.24,1231000,6.12
2008-10-10,9.01,11.13,8.50,10.44,2022400,5.22
2008-10-09,11.49,12.00,10.40,10.88,1761400,5.44
2008-10-08,8.78,11.75,8.78,11.21,2802400,5.605
2008-10-07,12.75,13.21,11.36,11.80,2858400,5.90
2008-10-06,12.37,12.94,11.56,12.47,2274800,6.235
2008-10-03,13.33,13.64,12.55,12.99,3083800,6.495
2008-10-02,14.13,14.30,13.01,13.40,2456000,6.70
2008-10-01,13.16,14.32,13.16,14.31,2559400,7.155
2008-09-30,13.70,14.49,13.52,14.16,3073400,7.08
2008-09-29,15.03,15.35,13.09,14.62,3593200,7.31
2008-09-26,15.50,16.00,15.32,15.50,1332000,7.75
2008-09-25,15.81,16.950001,15.11,16.07,2778000,8.035
2008-09-24,16.219999,17.00,15.16,15.85,1491200,7.925
2008-09-23,16.51,17.41,16.00,16.620001,1825800,8.31
2008-09-22,16.879999,17.040001,15.60,16.870001,3424400,8.435
2008-09-19,15.25,20.00,15.25,16.700001,1527800,8.35
2008-09-18,12.80,18.50,12.80,16.00,11602600,8.00
